38602356.33853149 3347063.90252686 7.31199980 1.000000
38602356.14953613 3347063.88250732 7.31199980 1.000000
38602356.26354980 3347063.71551514 7.31400013 1.000000
38602357.34954834 3347063.74749756 7.30100012 1.000000
38602357.06954956 3347063.71752930 7.30399990 1.000000
38602356.93154907 3347063.70349121 7.30900002 1.000000
38602356.70553589 3347063.68048096 7.30399990 1.000000
38602356.48953247 3347063.65753174 7.30399990 1.000000
38602358.01754761 3347063.72650146 7.29799986 1.000000
38602357.82254028 3347063.70648193 7.30600023 1.000000
38602357.65954590 3347063.68951416 7.30499983 1.000000
38602357.50653076 3347063.67352295 7.30299997 1.000000
38602358.39953613 3347063.67651367 7.30299997 1.000000
38602357.08554077 3347063.54052734 7.30900002 1.000000
38602356.95654297 3347063.52648926 7.30900002 1.000000
38602356.72753906 3347063.50250244 7.30600023 1.000000
38602356.50653076 3347063.48052979 7.30800009 1.000000
38602356.30554199 3347063.45953369 7.30900002 1.000000
38602357.85952759 3347063.52349854 7.30100012 1.000000
38602357.68154907 3347063.50451660 7.30600023 1.000000
38602357.52554321 3347063.48852539 7.30600023 1.000000
38602357.36953735 3347063.47253418 7.30999994 1.000000
38602359.38952637 3347063.59252930 7.29400015 1.000000
38602358.64852905 3347063.51647949 7.29899979 1.000000
38602358.41952515 3347063.49249268 7.30499983 1.000000
38602358.22055054 3347063.47149658 7.30600023 1.000000
38602358.03454590 3347063.45251465 7.30499983 1.000000
38602356.85253906 3347063.33050537 7.31400013 1.000000
38602356.74655151 3347063.31951904 7.30900002 1.000000
38602356.53555298 3347063.29748535 7.30600023 1.000000
38602356.32952881 3347063.27551270 7.31099987 1.000000
38602359.69854736 3347063.53448486 7.28900003 1.000000
38602359.41055298 3347063.50549316 7.29099989 1.000000
38602359.14053345 3347063.47747803 7.29400015 1.000000
38602358.90554810 3347063.45349121 7.29199982 1.000000
38602357.69854736 3347063.32849121 7.30900002 1.000000
38602357.54354858 3347063.31250000 7.30800009 1.000000
38602357.24453735 3347063.28253174 7.31400013 1.000000
38602357.10855103 3347063.26751709 7.31500006 1.000000
38602360.35052490 3347063.51953125 7.28800011 1.000000
38602360.03054810 3347063.48651123 7.28499985 1.000000
38602358.44952393 3347063.32348633 7.30200005 1.000000
38602358.24655151 3347063.30249023 7.30399990 1.000000
38602358.07254028 3347063.28448486 7.30000019 1.000000
38602357.88952637 3347063.26550293 7.30299997 1.000000
38602356.44454956 3347063.11651611 7.31300020 1.000000
38602356.25152588 3347063.09552002 7.31500006 1.000000
38602360.73254395 3347063.47052002 7.28499985 1.000000
38602359.44253540 3347063.33752441 7.28900003 1.000000
38602359.18054199 3347063.31048584 7.28900003 1.000000
38602358.92453003 3347063.28448486 7.29300022 1.000000
38602358.67254639 3347063.25848389 7.30299997 1.000000
38602357.42453003 3347063.12951660 7.30600023 1.000000
38602357.27053833 3347063.11352539 7.31199980 1.000000
38602357.14053345 3347063.10052490 7.31099987 1.000000
38602356.88552856 3347063.07348633 7.31500006 1.000000
38602356.67654419 3347063.05249023 7.30600023 1.000000
38602360.37252808 3347063.34051514 7.28800011 1.000000
38602360.04653931 3347063.30651855 7.28700018 1.000000
38602359.72753906 3347063.27349854 7.29099989 1.000000
38602358.27453613 3347063.12451172 7.30200005 1.000000
38602358.08654785 3347063.10449219 7.30299997 1.000000
38602357.90753174 3347063.08648682 7.30499983 1.000000
38602357.74252319 3347063.06951904 7.30499983 1.000000
38602356.47753906 3347062.93853760 7.30800009 1.000000
38602356.28253174 3347062.91748047 7.31099987 1.000000
38602360.75653076 3347063.28149414 7.28499985 1.000000
38602359.19952393 3347063.12152100 7.29099989 1.000000
38602358.94454956 3347063.09448242 7.29500008 1.000000
38602358.71752930 3347063.07153320 7.29500008 1.000000
38602358.49154663 3347063.04852295 7.30000019 1.000000
38602357.29855347 3347062.92553711 7.31099987 1.000000
38602357.03555298 3347062.89752197 7.31300020 1.000000
38602356.91754150 3347062.88549805 7.31099987 1.000000
38602356.70852661 3347062.86352539 7.30200005 1.000000
38602360.39953613 3347063.15447998 7.28800011 1.000000
38602360.06753540 3347063.12048340 7.28800011 1.000000
38602359.76354980 3347063.08953857 7.28800011 1.000000
38602359.47253418 3347063.05950928 7.29099989 1.000000
38602359.20755005 3347063.03253174 7.29199982 1.000000
38602358.30154419 3347062.93951416 7.30200005 1.000000
38602358.12054443 3347062.92053223 7.30000019 1.000000
38602357.94253540 3347062.90252686 7.30100012 1.000000
38602357.77053833 3347062.88452148 7.30399990 1.000000
38602357.45452881 3347062.85150146 7.30900002 1.000000
38602356.30853271 3347062.73352051 7.31099987 1.000000
38602360.79052734 3347063.10650635 7.28200006 1.000000
38602360.41354370 3347063.06750488 7.28700018 1.000000
38602358.96752930 3347062.91949463 7.29500008 1.000000
38602358.72454834 3347062.89453125 7.30100012 1.000000
38602358.51654053 3347062.87353516 7.30000019 1.000000
38602357.05752563 3347062.72253418 7.31400013 1.000000
38602356.93554688 3347062.70953369 7.31500006 1.000000
38602356.72354126 3347062.68853760 7.30800009 1.000000
38602356.51052856 3347062.66552734 7.31099987 1.000000
38602359.77853394 3347062.92150879 7.28999996 1.000000
38602359.49554443 3347062.89251709 7.29099989 1.000000
38602359.22653198 3347062.86547852 7.29400015 1.000000
38602357.96252441 3347062.73449707 7.30299997 1.000000
38602357.63552856 3347062.70153809 7.30499983 1.000000
38602357.47753906 3347062.68450928 7.30999994 1.000000
38602357.34252930 3347062.67053223 7.30700016 1.000000
38602360.43655396 3347062.90051270 7.28700018 1.000000
38602360.10455322 3347062.86651611 7.28700018 1.000000
38602358.99853516 3347062.75250244 7.29199982 1.000000
38602358.76052856 3347062.72747803 7.29699993 1.000000
38602358.54153442 3347062.70550537 7.29899979 1.000000
38602358.33853149 3347062.68450928 7.30100012 1.000000
38602358.15454102 3347062.66552734 7.30000019 1.000000
38602356.85552979 3347062.53149414 7.30800009 1.000000
38602356.75054932 3347062.52050781 7.30600023 1.000000
38602356.53454590 3347062.49853516 7.31099987 1.000000
38602356.34854126 3347062.47851563 7.30800009 1.000000
38602360.81854248 3347062.85052490 7.28399992 1.000000
38602359.51953125 3347062.71649170 7.29099989 1.000000
38602359.23953247 3347062.68750000 7.29699993 1.000000
38602359.00653076 3347062.66351318 7.29400015 1.000000
38602357.65652466 3347062.52453613 7.30600023 1.000000
38602357.50955200 3347062.50952148 7.30600023 1.000000
38602357.35855103 3347062.49450684 7.31099987 1.000000
38602357.09252930 3347062.46649170 7.31400013 1.000000
38602360.46054077 3347062.71649170 7.28599977 1.000000
38602360.12652588 3347062.68249512 7.28700018 1.000000
38602359.82754517 3347062.65148926 7.28599977 1.000000
38602358.76254272 3347062.54248047 7.30399990 1.000000
38602358.55853271 3347062.52148438 7.30100012 1.000000
38602358.35354614 3347062.50048828 7.30399990 1.000000
38602358.16952515 3347062.48150635 7.30399990 1.000000
38602357.82855225 3347062.44653320 7.30399990 1.000000
38602356.67153931 3347062.32653809 7.30399990 1.000000
38602356.46154785 3347062.30450439 7.30999994 1.000000
38602360.83554077 3347062.66650391 7.28499985 1.000000
38602359.55053711 3347062.53448486 7.28800011 1.000000
38602359.28253174 3347062.50653076 7.28999996 1.000000
38602359.03753662 3347062.48150635 7.29099989 1.000000
38602357.68753052 3347062.34252930 7.30299997 1.000000
38602357.53152466 3347062.32653809 7.30700016 1.000000
38602357.24752808 3347062.29748535 7.31199980 1.000000
38602357.11752319 3347062.28350830 7.31300020 1.000000
38602356.88952637 3347062.26049805 7.30999994 1.000000
38602360.16253662 3347062.50848389 7.28399992 1.000000
38602359.85855103 3347062.47747803 7.28399992 1.000000
38602358.20153809 3347062.30749512 7.30100012 1.000000
38602358.03152466 3347062.28948975 7.29899979 1.000000
38602357.86752319 3347062.27252197 7.29799986 1.000000
38602356.49154663 3347062.13049316 7.30800009 1.000000
38602360.86352539 3347062.49951172 7.28399992 1.000000
38602360.50354004 3347062.46252441 7.28399992 1.000000
38602359.31155396 3347062.33953857 7.28900003 1.000000
38602359.06155396 3347062.31451416 7.29099989 1.000000
38602358.80953979 3347062.28851318 7.30000019 1.000000
38602358.59454346 3347062.26647949 7.30200005 1.000000
38602357.28353882 3347062.13153076 7.30600023 1.000000
38602357.14852905 3347062.11749268 7.30999994 1.000000
38602356.91754150 3347062.09350586 7.30700016 1.000000
38602356.71453857 3347062.07250977 7.30000019 1.000000
38602360.17953491 3347062.33953857 7.28599977 1.000000
38602359.87054443 3347062.30749512 7.28800011 1.000000
38602359.58654785 3347062.27850342 7.28800011 1.000000
38602358.05654907 3347062.12152100 7.29899979 1.000000
38602357.88552856 3347062.10351563 7.30100012 1.000000
38602357.72955322 3347062.08752441 7.30100012 1.000000
38602357.43753052 3347062.05749512 7.30200005 1.000000
38602360.88552856 3347062.32348633 7.28499985 1.000000
38602360.52655029 3347062.28649902 7.28399992 1.000000
38602359.08352661 3347062.13952637 7.29199982 1.000000
38602358.85153198 3347062.11547852 7.29400015 1.000000
38602358.63552856 3347062.09252930 7.29600000 1.000000
38602358.44152832 3347062.07348633 7.29400015 1.000000
38602358.24954224 3347062.05352783 7.29600000 1.000000
38602357.06854248 3347061.93151855 7.30200005 1.000000
38602356.94854736 3347061.91949463 7.30399990 1.000000
38602356.73355103 3347061.89648438 7.30299997 1.000000
38602356.53152466 3347061.87652588 7.30499983 1.000000
38602360.19253540 3347062.16253662 7.28900003 1.000000
38602359.89953613 3347062.13250732 7.28599977 1.000000
38602359.60855103 3347062.10351563 7.28900003 1.000000
38602359.34054565 3347062.07550049 7.29099989 1.000000
38602357.91952515 3347061.92950439 7.29699993 1.000000
38602357.76254272 3347061.91351318 7.29699993 1.000000
38602357.46752930 3347061.88250732 7.29899979 1.000000
38602357.33554077 3347061.86950684 7.29899979 1.000000
38602360.90954590 3347062.13848877 7.28499985 1.000000
38602360.54754639 3347062.10150146 7.28599977 1.000000
38602360.21453857 3347062.06750488 7.28700018 1.000000
38602358.87353516 3347061.92950439 7.29500008 1.000000
38602358.66152954 3347061.90753174 7.29500008 1.000000
38602358.45755005 3347061.88653564 7.29799986 1.000000
38602358.26953125 3347061.86749268 7.29799986 1.000000
38602358.09652710 3347061.84948730 7.29699993 1.000000
38602356.86254883 3347061.72253418 7.30399990 1.000000
38602356.65853882 3347061.70153809 7.30299997 1.000000
38602356.45553589 3347061.68048096 7.30999994 1.000000
38602359.63854980 3347061.92053223 7.28700018 1.000000
38602359.36553955 3347061.89251709 7.29099989 1.000000
38602359.12554932 3347061.86749268 7.28999996 1.000000
38602357.94454956 3347061.74652100 7.29600000 1.000000
38602357.63854980 3347061.71453857 7.29699993 1.000000
38602357.48953247 3347061.69952393 7.30100012 1.000000
38602357.35855103 3347061.68652344 7.29899979 1.000000
38602357.11654663 3347061.66149902 7.29600000 1.000000
38602360.57254028 3347061.92749023 7.28399992 1.000000
38602360.23153687 3347061.89251709 7.28700018 1.000000
38602359.92254639 3347061.86151123 7.28800011 1.000000
38602358.68554688 3347061.73449707 7.29400015 1.000000
38602358.48052979 3347061.71350098 7.29600000 1.000000
38602358.30255127 3347061.69549561 7.29300022 1.000000
38602358.12252808 3347061.67651367 7.29500008 1.000000
38602356.67654419 3347061.52752686 7.30499983 1.000000
38602356.47653198 3347061.50750732 7.31099987 1.000000
38602360.93554688 3347061.88348389 7.28499985 1.000000
38602359.39254761 3347061.72552490 7.28800011 1.000000
38602359.14352417 3347061.70050049 7.28999996 1.000000
38602358.91455078 3347061.67651367 7.29099989 1.000000
38602357.52352905 3347061.53350830 7.29500008 1.000000
38602357.25152588 3347061.50549316 7.30000019 1.000000
38602357.12353516 3347061.49249268 7.30299997 1.000000
38602356.89755249 3347061.46948242 7.30299997 1.000000
38602360.59854126 3347061.75952148 7.28299999 1.000000
38602360.26052856 3347061.72552490 7.28499985 1.000000
38602359.95254517 3347061.69348145 7.28599977 1.000000
38602359.66653442 3347061.66448975 7.28800011 1.000000
38602358.50454712 3347061.54553223 7.29600000 1.000000
38602358.32553101 3347061.52752686 7.29300022 1.000000
38602358.15054321 3347061.50952148 7.29300022 1.000000
38602357.98153687 3347061.49151611 7.29400015 1.000000
38602357.66952515 3347061.45953369 7.29799986 1.000000
38602356.51052856 3347061.34051514 7.30499983 1.000000
38602360.96655273 3347061.70849609 7.28200006 1.000000
38602360.61254883 3347061.67248535 7.28100014 1.000000
38602359.16552734 3347061.52453613 7.28999996 1.000000
38602358.93353271 3347061.50048828 7.29199982 1.000000
38602358.71353149 3347061.47747803 7.29500008 1.000000
38602357.28454590 3347061.33050537 7.29500008 1.000000
38602357.14755249 3347061.31652832 7.30200005 1.000000
38602356.91854858 3347061.29351807 7.30399990 1.000000
38602356.71954346 3347061.27252197 7.30000019 1.000000
38602360.27954102 3347061.54150391 7.28499985 1.000000
38602359.96752930 3347061.50952148 7.28800011 1.000000
38602359.69354248 3347061.48150635 7.28599977 1.000000
38602359.43054199 3347061.45452881 7.28700018 1.000000
38602358.35052490 3347061.34448242 7.29199982 1.000000
38602358.17453003 3347061.32653809 7.29199982 1.000000
38602357.84753418 3347061.29248047 7.29400015 1.000000
38602357.69653320 3347061.27752686 7.29600000 1.000000
38602357.55953979 3347061.26251221 7.29400015 1.000000
38602360.99053955 3347061.52349854 7.28200006 1.000000
38602360.63052368 3347061.48748779 7.28200006 1.000000
38602359.19854736 3347061.34051514 7.28700018 1.000000
38602358.96554565 3347061.31652832 7.28999996 1.000000
38602358.74255371 3347061.29351807 7.29400015 1.000000
38602358.53555298 3347061.27252197 7.29699993 1.000000
38602357.06753540 3347061.12152100 7.29699993 1.000000
38602356.95153809 3347061.10949707 7.30000019 1.000000
38602356.74954224 3347061.08850098 7.29699993 1.000000
38602360.00552368 3347061.33453369 7.28299999 1.000000
38602359.71554565 3347061.30450439 7.28599977 1.000000
38602359.44354248 3347061.27752686 7.28900003 1.000000
38602358.03152466 3347061.13250732 7.29199982 1.000000
38602357.87854004 3347061.11651611 7.29099989 1.000000
38602357.72152710 3347061.10052490 7.29500008 1.000000
38602357.44152832 3347061.07153320 7.29799986 1.000000
38602357.31253052 3347061.05853271 7.29799986 1.000000
38602360.65353394 3347061.31750488 7.28200006 1.000000
38602360.31753540 3347061.28350830 7.28299999 1.000000
38602359.99752808 3347061.25048828 7.28800011 1.000000
38602358.98452759 3347061.14648438 7.28999996 1.000000
38602358.77453613 3347061.12548828 7.28900003 1.000000
38602358.56652832 3347061.10449219 7.29300022 1.000000
38602358.38653564 3347061.08551025 7.29099989 1.000000
38602356.86154175 3347060.92852783 7.30299997 1.000000
38602356.66253662 3347060.90850830 7.30399990 1.000000
38602361.02053833 3347061.26348877 7.28100014 1.000000
38602359.73452759 3347061.13250732 7.28499985 1.000000
38602359.46353149 3347061.10449219 7.28900003 1.000000
38602359.21853638 3347061.07952881 7.28999996 1.000000
38602357.89852905 3347060.94451904 7.29099989 1.000000
38602357.74353027 3347060.92852783 7.29400015 1.000000
38602357.46853638 3347060.90051270 7.29400015 1.000000
38602357.34054565 3347060.88751221 7.29500008 1.000000
38602357.09652710 3347060.86151123 7.29799986 1.000000
38602360.67654419 3347061.13848877 7.28000021 1.000000
38602360.33154297 3347061.10351563 7.28499985 1.000000
38602360.04254150 3347061.07452393 7.28000021 1.000000
38602358.79452515 3347060.94653320 7.28999996 1.000000
38602358.41253662 3347060.90753174 7.28900003 1.000000
38602358.23052979 3347060.88848877 7.29199982 1.000000
38602358.06253052 3347060.87152100 7.29300022 1.000000
38602356.68453979 3347060.72949219 7.30399990 1.000000
38602361.04354858 3347061.07751465 7.28100014 1.000000
38602359.76953125 3347060.94750977 7.28200006 1.000000
38602359.50354004 3347060.92053223 7.28399992 1.000000
38602359.25152588 3347060.89453125 7.28700018 1.000000
38602359.01354980 3347060.87048340 7.29199982 1.000000
38602358.81253052 3347060.84948730 7.28800011 1.000000
38602357.63253784 3347060.72851563 7.29199982 1.000000
38602357.48953247 3347060.71453857 7.29600000 1.000000
38602357.24154663 3347060.68853760 7.29600000 1.000000
38602357.12252808 3347060.67651367 7.29799986 1.000000
38602356.90454102 3347060.65350342 7.29899979 1.000000
38602360.38552856 3347060.92053223 7.27500010 1.000000
38602360.07153320 3347060.88848877 7.27799988 1.000000
38602358.45953369 3347060.72351074 7.28000021 1.000000
38602358.28253174 3347060.70550537 7.28000021 1.000000
38602358.10455322 3347060.68750000 7.28499985 1.000000
38602357.94552612 3347060.67150879 7.28599977 1.000000
38602356.72152710 3347060.54449463 7.29699993 1.000000
38602361.07855225 3347060.90252686 7.27799988 1.000000
38602360.72055054 3347060.86547852 7.27799988 1.000000
38602360.40054321 3347060.83349609 7.27500010 1.000000
38602359.78454590 3347060.77050781 7.28399992 1.000000
38602359.27655029 3347060.71850586 7.28599977 1.000000
38602359.05053711 3347060.69549561 7.28599977 1.000000
38602358.83154297 3347060.67352295 7.28900003 1.000000
38602358.64553833 3347060.65447998 7.28499985 1.000000
38602357.52554321 3347060.53948975 7.28999996 1.000000
38602357.26254272 3347060.51251221 7.29699993 1.000000
38602357.14953613 3347060.50048828 7.29600000 1.000000
38602356.93453979 3347060.47851563 7.29500008 1.000000
38602360.39254761 3347060.75152588 7.28100014 1.000000
38602360.08053589 3347060.71948242 7.28299999 1.000000
38602359.80853271 3347060.69250488 7.28000021 1.000000
38602359.53353882 3347060.66448975 7.28499985 1.000000
38602358.28955078 3347060.53649902 7.28700018 1.000000
38602358.11553955 3347060.51849365 7.28999996 1.000000
38602357.96353149 3347060.50347900 7.28800011 1.000000
38602357.67755127 3347060.47351074 7.28700018 1.000000
38602361.09753418 3347060.73352051 7.28000021 1.000000
38602360.74655151 3347060.69750977 7.27799988 1.000000
38602360.40853882 3347060.66351318 7.28000021 1.000000
38602359.07653809 3347060.52752686 7.28599977 1.000000
38602358.86254883 3347060.50549316 7.28700018 1.000000
38602358.66055298 3347060.48449707 7.28800011 1.000000
38602358.48052979 3347060.46649170 7.28599977 1.000000
38602357.29953003 3347060.34552002 7.29099989 1.000000
38602357.06054688 3347060.32049561 7.29799986 1.000000
38602356.84753418 3347060.29852295 7.30100012 1.000000
38602356.65753174 3347060.27850342 7.30100012 1.000000
38602360.12353516 3347060.54553223 7.27799988 1.000000
38602359.84054565 3347060.51647949 7.27799988 1.000000
38602359.57354736 3347060.48950195 7.28000021 1.000000
38602359.32653809 3347060.46453857 7.28200006 1.000000
38602358.15353394 3347060.34350586 7.28399992 1.000000
38602357.85455322 3347060.31353760 7.28100014 1.000000
38602357.70355225 3347060.29748535 7.28599977 1.000000
38602357.56152344 3347060.28350830 7.28999996 1.000000
38602361.11953735 3347060.54852295 7.28100014 1.000000
38602360.76852417 3347060.51251221 7.27899981 1.000000
38602360.44854736 3347060.48052979 7.27600002 1.000000
38602359.09954834 3347060.34252930 7.28700018 1.000000
38602358.88754272 3347060.32049561 7.28700018 1.000000
38602358.67254639 3347060.29852295 7.29300022 1.000000
38602358.50152588 3347060.28149414 7.28800011 1.000000
38602358.33053589 3347060.26348877 7.28599977 1.000000
38602357.09353638 3347060.13653564 7.29300022 1.000000
38602356.88552856 3347060.11547852 7.29400015 1.000000
38602356.68753052 3347060.09552002 7.29799986 1.000000
38602360.13754272 3347060.35949707 7.28200006 1.000000
38602359.86254883 3347060.33148193 7.28000021 1.000000
38602359.59054565 3347060.30352783 7.28399992 1.000000
38602359.36053467 3347060.27947998 7.27899981 1.000000
38602357.88354492 3347060.12847900 7.28000021 1.000000
38602357.73852539 3347060.11352539 7.28200006 1.000000
38602357.46954346 3347060.08648682 7.28499985 1.000000
38602357.34652710 3347060.07348633 7.28599977 1.000000
38602360.47152710 3347060.30548096 7.27699995 1.000000
38602359.60052490 3347060.21752930 7.28399992 1.000000
38602358.71655273 3347060.12652588 7.28599977 1.000000
38602358.53955078 3347060.10852051 7.28200006 1.000000
38602358.34954834 3347060.08953857 7.28800011 1.000000
38602358.04354858 3347060.05853271 7.28100014 1.000000
38602356.90054321 3347059.94049072 7.29899979 1.000000
38602356.71252441 3347059.92150879 7.29799986 1.000000
38602361.16854858 3347060.29449463 7.27699995 1.000000
38602360.81454468 3347060.25848389 7.27600002 1.000000
38602359.36654663 3347060.11151123 7.28499985 1.000000
38602359.13253784 3347060.08752441 7.28700018 1.000000
38602358.91854858 3347060.06549072 7.28800011 1.000000
38602357.75253296 3347059.94653320 7.28599977 1.000000
38602357.49154663 3347059.91949463 7.28499985 1.000000
38602357.24252319 3347059.89349365 7.29099989 1.000000
38602357.13253784 3347059.88250732 7.29099989 1.000000
38602360.48754883 3347060.13549805 7.27899981 1.000000
38602360.17553711 3347060.10351563 7.28100014 1.000000
38602359.87753296 3347060.07348633 7.28599977 1.000000
38602359.63052368 3347060.04748535 7.28200006 1.000000
38602358.54855347 3347059.93750000 7.28800011 1.000000
38602358.37054443 3347059.91949463 7.28900003 1.000000
38602358.05853271 3347059.88751221 7.28399992 1.000000
38602357.90454102 3347059.87152100 7.28700018 1.000000
38602361.21853638 3347060.11950684 7.27199984 1.000000
38602360.84954834 3347060.08251953 7.27400017 1.000000
38602360.21054077 3347060.01751709 7.27500010 1.000000
38602359.39053345 3347059.93353271 7.28599977 1.000000
38602359.16552734 3347059.91052246 7.28499985 1.000000
38602358.95053101 3347059.88848877 7.28700018 1.000000
38602358.74954224 3347059.86853027 7.28700018 1.000000
38602357.52053833 3347059.74249268 7.28399992 1.000000
38602357.27453613 3347059.71752930 7.28800011 1.000000
38602357.05554199 3347059.69451904 7.28900003 1.000000
38602356.94653320 3347059.68353271 7.29300022 1.000000
38602360.21054077 3347059.92651367 7.27899981 1.000000
38602359.91754150 3347059.89752197 7.28200006 1.000000
38602359.65454102 3347059.87048340 7.28299999 1.000000
38602359.41455078 3347059.84552002 7.28200006 1.000000
38602358.57452393 3347059.76049805 7.28800011 1.000000
38602358.24252319 3347059.72650146 7.28399992 1.000000
38602358.09854126 3347059.71148682 7.27799988 1.000000
38602357.94854736 3347059.69549561 7.27899981 1.000000
38602357.66354370 3347059.66650391 7.28299999 1.000000
38602361.21655273 3347059.93249512 7.28000021 1.000000
38602360.86755371 3347059.89648438 7.27699995 1.000000
38602360.53854370 3347059.86352539 7.27600002 1.000000
38602359.17553711 3347059.72448730 7.29099989 1.000000
38602358.96853638 3347059.70349121 7.28999996 1.000000
38602358.77453613 3347059.68353271 7.28800011 1.000000
38602357.28854370 3347059.53149414 7.29400015 1.000000
38602357.07354736 3347059.50952148 7.29300022 1.000000
38602356.86853027 3347059.48852539 7.29699993 1.000000
38602359.94854736 3347059.71350098 7.28000021 1.000000
38602359.68154907 3347059.68652344 7.28200006 1.000000
38602359.44055176 3347059.66149902 7.28200006 1.000000
38602358.25152588 3347059.54052734 7.28999996 1.000000
38602358.11254883 3347059.52648926 7.28299999 1.000000
38602357.95654297 3347059.51049805 7.28599977 1.000000
38602357.67553711 3347059.48150635 7.28900003 1.000000
38602357.54855347 3347059.46850586 7.28900003 1.000000
38602360.86453247 3347059.71752930 7.28399992 1.000000
38602360.53854370 3347059.68450928 7.28299999 1.000000
38602360.24154663 3347059.65447998 7.28100014 1.000000
38602359.44055176 3347059.57348633 7.28599977 1.000000
38602359.19854736 3347059.54852295 7.29099989 1.000000
38602358.99154663 3347059.52752686 7.28999996 1.000000
38602358.61553955 3347059.48950195 7.28599977 1.000000
38602358.44952393 3347059.47253418 7.28200006 1.000000
38602357.36053467 3347059.36053467 7.26900005 1.000000
38602357.08453369 3347059.33251953 7.30000019 1.000000
38602356.89654541 3347059.31353760 7.29500008 1.000000
38602361.22854614 3347059.67248535 7.28499985 1.000000
38602360.23654175 3347059.57250977 7.28599977 1.000000
38602359.96154785 3347059.54449463 7.28299999 1.000000
38602359.73452759 3347059.52148438 7.27299976 1.000000
38602360.90353394 3347059.55151367 7.27899981 1.000000
38602360.59954834 3347059.52050781 7.27099991 1.000000
38602361.26654053 3347059.49548340 7.28100014 1.000000
38602361.48452759 3347059.33148193 7.23000002 1.000000
38602361.54452515 3347057.64648438 7.26999998 1.000000
38602361.18655396 3347057.61053467 7.26900005 1.000000
38602360.53054810 3347057.54449463 7.27500010 1.000000
38602360.25253296 3347057.51647949 7.27400017 1.000000
38602359.98553467 3347057.48950195 7.27699995 1.000000
38602361.18655396 3347057.52252197 7.27199984 1.000000
38602360.87353516 3347057.49047852 7.26700020 1.000000
38602361.56555176 3347057.47851563 7.26999998 1.000000
38602361.20254517 3347057.44152832 7.27099991 1.000000
38602360.87353516 3347057.31652832 7.27400017 1.000000
38602360.57553101 3347057.28649902 7.27199984 1.000000
38602361.57452393 3347057.29748535 7.27199984 1.000000
38602361.21853638 3347057.26153564 7.27099991 1.000000
38602361.59753418 3347057.11352539 7.26999998 1.000000
38602361.24053955 3347057.07751465 7.26999998 1.000000
38602361.61853027 3347057.02850342 7.26700020 1.000000
38602356.94140625 3347063.75878906 7.40100002 1.000000
38602357.07440186 3347063.70275879 7.40100002 1.000000
38602356.71640015 3347063.62176514 7.40000010 1.000000
38602357.74539185 3347063.74975586 7.40799999 1.000000
38602357.47140503 3347063.69476318 7.40399981 1.000000
38602357.32638550 3347063.65478516 7.40700006 1.000000
38602356.72439575 3347063.52880859 7.40199995 1.000000
38602358.06039429 3347063.72680664 7.40899992 1.000000
38602357.90838623 3347063.69476318 7.40799999 1.000000
38602357.09439087 3347063.52081299 7.40199995 1.000000
38602356.97439575 3347063.49578857 7.40000010 1.000000
38602358.22039795 3347063.66180420 7.41300011 1.000000
38602357.49639893 3347063.51678467 7.40299988 1.000000
38602357.35940552 3347063.48376465 7.40399981 1.000000
38602358.08438110 3347063.54077148 7.40899992 1.000000
38602357.92037964 3347063.49780273 7.41200018 1.000000
38602357.64340210 3347063.44677734 7.40500021 1.000000
38602357.12338257 3347063.33880615 7.40000010 1.000000
38602356.87738037 3347063.27978516 7.40100002 1.000000
38602356.65139771 3347063.23077393 7.40000010 1.000000
38602358.42138672 3347063.52276611 7.40999985 1.000000
38602358.24038696 3347063.47277832 7.41400003 1.000000
38602357.51638794 3347063.32678223 7.40399981 1.000000
38602357.25439453 3347063.27178955 7.40199995 1.000000
38602358.96038818 3347063.54376221 7.41599989 1.000000
38602358.77539063 3347063.50476074 7.41400003 1.000000
38602357.94238281 3347063.32080078 7.41099977 1.000000
38602357.66040039 3347063.26477051 7.40700006 1.000000
38602356.89440918 3347063.09680176 7.40299988 1.000000
38602356.67239380 3347063.05078125 7.40100002 1.000000
38602359.36740112 3347063.54675293 7.41800022 1.000000
38602359.15838623 3347063.49877930 7.41800022 1.000000
38602358.26638794 3347063.30676270 7.41200018 1.000000
38602358.10140991 3347063.26678467 7.41300011 1.000000
38602357.52740479 3347063.14678955 7.40799999 1.000000
38602357.27139282 3347063.09680176 7.40399981 1.000000
38602357.14938354 3347063.07177734 7.40199995 1.000000
38602356.68338013 3347062.96881104 7.40000010 1.000000
38602356.57440186 3347062.94378662 7.40000010 1.000000
38602359.58438110 3347063.49975586 7.42000008 1.000000
38602358.96939087 3347063.36279297 7.41800022 1.000000
38602358.61538696 3347063.29376221 7.41300011 1.000000
38602358.44439697 3347063.25677490 7.41200018 1.000000
38602357.81838989 3347063.11981201 7.40899992 1.000000
38602357.68139648 3347063.09381104 7.40600014 1.000000
38602356.91839600 3347062.92779541 7.40100002 1.000000
38602360.05340576 3347063.50781250 7.42199993 1.000000
38602359.81439209 3347063.45275879 7.42199993 1.000000
38602359.61437988 3347063.42175293 7.41499996 1.000000
38602359.39138794 3347063.36779785 7.41599989 1.000000
38602359.18438721 3347063.32080078 7.41599989 1.000000
38602358.28540039 3347063.12280273 7.41200018 1.000000
38602358.13839722 3347063.09875488 7.40799999 1.000000
38602357.29840088 3347062.91979980 7.40100002 1.000000
38602357.04739380 3347062.86077881 7.40199995 1.000000
38602360.30038452 3347063.45581055 7.42500019 1.000000
38602359.60638428 3347063.30877686 7.42000008 1.000000
38602359.40139771 3347063.26776123 7.41699982 1.000000
38602358.65539551 3347063.11676025 7.40799999 1.000000
38602358.46838379 3347063.06579590 7.41099977 1.000000
38602357.84439087 3347062.93176270 7.40700006 1.000000
38602357.70138550 3347062.89978027 7.40700006 1.000000
38602357.56738281 3347062.87280273 7.40500021 1.000000
38602356.94338989 3347062.73980713 7.40000010 1.000000
38602356.70840454 3347062.67877197 7.40399981 1.000000
38602360.06240845 3347063.31378174 7.42399979 1.000000
38602359.83139038 3347063.26379395 7.42299986 1.000000
38602359.01739502 3347063.09680176 7.41400003 1.000000
38602358.83840942 3347063.06280518 7.40999985 1.000000
38602358.30538940 3347062.93579102 7.41300011 1.000000
38602358.14840698 3347062.90277100 7.41099977 1.000000
38602357.31640625 3347062.72875977 7.40299988 1.000000
38602357.07540894 3347062.68078613 7.40000010 1.000000
38602360.56140137 3347063.32580566 7.42899990 1.000000
38602360.32238770 3347063.28277588 7.42399979 1.000000
38602359.42340088 3347063.09381104 7.41499996 1.000000
38602359.22839355 3347063.05578613 7.41200018 1.000000
38602358.66238403 3347062.92877197 7.41099977 1.000000
38602358.49938965 3347062.89880371 7.40700006 1.000000
38602357.72940063 3347062.73077393 7.40399981 1.000000
38602357.46038818 3347062.67480469 7.40100002 1.000000
38602360.81539917 3347063.28576660 7.43599987 1.000000
38602359.86938477 3347063.10778809 7.41699982 1.000000
38602359.64538574 3347063.05877686 7.41699982 1.000000
38602359.04739380 3347062.93475342 7.40999985 1.000000
38602358.85839844 3347062.89276123 7.40999985 1.000000
38602358.03240967 3347062.71478271 7.40399981 1.000000
38602357.89038086 3347062.68780518 7.40199995 1.000000
38602357.09439087 3347062.50976563 7.40000010 1.000000
38602356.97338867 3347062.47979736 7.40100002 1.000000
38602360.59838867 3347063.16479492 7.42600012 1.000000
38602360.36340332 3347063.12377930 7.41900015 1.000000
38602360.11938477 3347063.07177734 7.41800022 1.000000
38602359.46139526 3347062.93377686 7.41200018 1.000000
38602359.25640869 3347062.88879395 7.41099977 1.000000
38602358.52639771 3347062.73181152 7.40600014 1.000000
38602358.35140991 3347062.68780518 7.40799999 1.000000
38602357.35040283 3347062.47076416 7.40199995 1.000000
38602360.83840942 3347063.10577393 7.43599987 1.000000
38602360.61138916 3347063.07580566 7.42600012 1.000000
38602359.89138794 3347062.92779541 7.41800022 1.000000
38602359.68038940 3347062.88775635 7.41400003 1.000000
38602358.88540649 3347062.71575928 7.40999985 1.000000
38602358.70040894 3347062.67175293 7.40999985 1.000000
38602358.05538940 3347062.53479004 7.40500021 1.000000
38602357.91238403 3347062.50677490 7.40299988 1.000000
38602357.77239990 3347062.47875977 7.40100002 1.000000
38602357.48937988 3347062.40777588 7.40399981 1.000000
38602360.37438965 3347062.92877197 7.42299986 1.000000
38602360.13339233 3347062.87878418 7.42100000 1.000000
38602359.27740479 3347062.70080566 7.41300011 1.000000
38602359.09640503 3347062.66876221 7.40799999 1.000000
38602358.55340576 3347062.54876709 7.40600014 1.000000
38602358.37240601 3347062.49975586 7.40999985 1.000000
38602357.51440430 3347062.32379150 7.40000010 1.000000
38602357.01538086 3347062.20977783 7.40000010 1.000000
38602360.87738037 3347062.93078613 7.43499994 1.000000
38602360.62939453 3347062.88677979 7.42899990 1.000000
38602359.70040894 3347062.69879150 7.41699982 1.000000
38602359.49340820 3347062.65679932 7.41400003 1.000000
38602358.91940308 3347062.53875732 7.40799999 1.000000
38602358.73638916 3347062.49676514 7.40799999 1.000000
38602357.93939209 3347062.32476807 7.40299988 1.000000
38602357.65838623 3347062.26275635 7.40199995 1.000000
38602357.39538574 3347062.20477295 7.40100002 1.000000
38602357.26739502 3347062.17480469 7.40100002 1.000000
38602360.17239380 3347062.71575928 7.41900015 1.000000
38602359.93539429 3347062.66278076 7.41800022 1.000000
38602359.31039429 3347062.53479004 7.41099977 1.000000
38602359.11740112 3347062.49377441 7.40999985 1.000000
38602358.23739624 3347062.29077148 7.40999985 1.000000
38602358.09539795 3347062.26776123 7.40600014 1.000000
38602357.53640747 3347062.14880371 7.40100002 1.000000
38602360.66339111 3347062.72875977 7.42600012 1.000000
38602360.42138672 3347062.68280029 7.42199993 1.000000
38602359.74139404 3347062.54577637 7.41300011 1.000000
38602359.52139282 3347062.49481201 7.41300011 1.000000
38602358.94140625 3347062.37176514 7.40899992 1.000000
38602358.76538086 3347062.33575439 7.40700006 1.000000
38602358.59338379 3347062.29779053 7.40600014 1.000000
38602358.10238647 3347062.18377686 7.40700006 1.000000
38602357.95138550 3347062.14776611 7.40700006 1.000000
38602357.68838501 3347062.10375977 7.40000010 1.000000
38602360.91839600 3347062.68176270 7.43400002 1.000000
38602360.18838501 3347062.54376221 7.42000008 1.000000
38602359.96838379 3347062.50280762 7.41599989 1.000000
38602360.67938232 3347062.54675293 7.42899990 1.000000
38602360.48440552 3347062.53375244 7.41400003 1.000000
38602360.30239868 3347062.52575684 7.39699984 1.000000
38602360.99240112 3347062.52880859 7.42399979 1.000000
38602361.17938232 3347060.82879639 7.42700005 1.000000
38602360.96539307 3347060.80780029 7.41400003 1.000000
38602361.18240356 3347060.73480225 7.42899990 1.000000
38602360.93139648 3347060.68878174 7.42399979 1.000000
38602360.70339966 3347060.65380859 7.41599989 1.000000
38602360.46438599 3347060.60479736 7.41300011 1.000000
38602360.47839355 3347060.51879883 7.41200018 1.000000
38602360.24639893 3347060.46978760 7.41099977 1.000000
38602360.03140259 3347060.42779541 7.40799999 1.000000
38602360.95040894 3347060.51776123 7.42399979 1.000000
38602360.71038818 3347060.47479248 7.41900015 1.000000
38602359.82638550 3347060.29779053 7.40799999 1.000000
38602359.63439941 3347060.26275635 7.40399981 1.000000
38602359.43740845 3347060.21881104 7.40399981 1.000000
38602361.20239258 3347060.46978760 7.43100023 1.000000
38602360.26840210 3347060.30078125 7.41099977 1.000000
38602360.05438232 3347060.25878906 7.40799999 1.000000
38602359.44338989 3347060.12780762 7.40500021 1.000000
38602359.26339722 3347060.09277344 7.40199995 1.000000
38602360.96939087 3347060.33880615 7.42299986 1.000000
38602360.73239136 3347060.29675293 7.41800022 1.000000
38602360.51138306 3347060.25976563 7.41200018 1.000000
38602359.84640503 3347060.11779785 7.40799999 1.000000
38602359.64840698 3347060.07775879 7.40600014 1.000000
38602361.24038696 3347060.29479980 7.42700005 1.000000
38602360.28240967 3347060.10876465 7.41300011 1.000000
38602360.07440186 3347060.07177734 7.40799999 1.000000
38602359.29238892 3347059.91180420 7.40100002 1.000000
38602359.11038208 3347059.87078857 7.40100002 1.000000
38602360.76538086 3347060.11981201 7.41699982 1.000000
38602360.52340698 3347060.06878662 7.41499996 1.000000
38602359.67239380 3347059.89581299 7.40600014 1.000000
38602359.48040771 3347059.85681152 7.40500021 1.000000
38602359.12640381 3347059.78680420 7.40000010 1.000000
38602358.77938843 3347059.70581055 7.40100002 1.000000
38602361.27139282 3347060.12677002 7.42500019 1.000000
38602361.01239014 3347060.07580566 7.42199993 1.000000
38602360.31439209 3347059.94281006 7.41099977 1.000000
38602360.09939575 3347059.89978027 7.40799999 1.000000
38602359.88140869 3347059.85076904 7.40799999 1.000000
38602359.31838989 3347059.74078369 7.40000010 1.000000
38602360.56039429 3347059.91180420 7.40999985 1.000000
38602359.69839478 3347059.73181152 7.40399981 1.000000
38602359.51339722 3347059.69775391 7.40100002 1.000000
38602357.71340942 3347059.33776855 7.38000011 1.000000
38602357.46838379 3347059.28076172 7.38000011 1.000000
38602361.03839111 3347059.90875244 7.42100000 1.000000
38602360.79440308 3347059.86175537 7.41699982 1.000000
38602360.11938477 3347059.72875977 7.40799999 1.000000
38602359.91140747 3347059.68676758 7.40600014 1.000000
38602359.15740967 3347059.52978516 7.40000010 1.000000
38602358.81539917 3347059.45275879 7.40000010 1.000000
38602358.24340820 3347059.35278320 7.38600016 1.000000
38602358.10040283 3347059.31878662 7.38700008 1.000000
38602357.97140503 3347059.29577637 7.38500023 1.000000
38602357.14739990 3347059.12475586 7.37799978 1.000000
38602356.93640137 3347059.07580566 7.37799978 1.000000
38602361.28839111 3347059.85681152 7.42799997 1.000000
38602360.80538940 3347059.77276611 7.41599989 1.000000
38602360.57638550 3347059.73077393 7.41200018 1.000000
38602360.34439087 3347059.68078613 7.41099977 1.000000
38602359.52539063 3347059.51177979 7.40399981 1.000000
38602359.33938599 3347059.47180176 7.40299988 1.000000
38602358.66040039 3347059.32379150 7.40100002 1.000000
38602358.51538086 3347059.29779053 7.39799976 1.000000
38602357.48440552 3347059.09576416 7.38299990 1.000000
38602357.26638794 3347059.05676270 7.37900019 1.000000
38602361.04537964 3347059.71777344 7.42199993 1.000000
38602360.79739380 3347059.66778564 7.41900015 1.000000
38602360.12939453 3347059.53875732 7.40899992 1.000000
38602359.91140747 3347059.48876953 7.40999985 1.000000
38602359.71740723 3347059.45178223 7.40700006 1.000000
38602359.17239380 3347059.34277344 7.40100002 1.000000
38602359.00640869 3347059.31079102 7.39799976 1.000000
38602358.83139038 3347059.26580811 7.40000010 1.000000
38602358.11138916 3347059.12579346 7.38999987 1.000000
38602357.85540771 3347059.07678223 7.38600016 1.000000
38602357.74038696 3347059.06079102 7.38199997 1.000000
38602357.06338501 3347058.91876221 7.37699986 1.000000
38602356.86038208 3347058.87475586 7.37599993 1.000000
38602361.30838013 3347059.66680908 7.42600012 1.000000
38602360.58239746 3347059.53076172 7.41300011 1.000000
38602360.35940552 3347059.48779297 7.40999985 1.000000
38602359.55239868 3347059.32678223 7.40000010 1.000000
38602359.36138916 3347059.28277588 7.40100002 1.000000
38602358.68838501 3347059.13977051 7.39799976 1.000000
38602358.54238892 3347059.11279297 7.39499998 1.000000
38602358.25939941 3347059.05780029 7.38999987 1.000000
38602357.51138306 3347058.91180420 7.38000011 1.000000
38602357.28540039 3347058.86376953 7.37900019 1.000000
38602361.06039429 3347059.52575684 7.42100000 1.000000
38602360.80838013 3347059.47375488 7.41900015 1.000000
38602360.14038086 3347059.34381104 7.40999985 1.000000
38602359.92440796 3347059.29577637 7.40999985 1.000000
38602359.73739624 3347059.26275635 7.40500021 1.000000
38602359.01940918 3347059.11578369 7.39900017 1.000000
38602358.84539795 3347059.07275391 7.40100002 1.000000
38602358.13439941 3347058.93975830 7.38800001 1.000000
38602357.87838745 3347058.89080811 7.38399982 1.000000
38602357.76239014 3347058.87280273 7.38000011 1.000000
38602357.08538818 3347058.73077393 7.37599993 1.000000
38602356.88040161 3347058.68377686 7.37599993 1.000000
38602361.30538940 3347059.47277832 7.42799997 1.000000
38602360.59039307 3347059.34277344 7.41400003 1.000000
38602360.37039185 3347059.30175781 7.40999985 1.000000
38602359.56439209 3347059.14080811 7.40000010 1.000000
38602359.36740112 3347059.09277344 7.40299988 1.000000
38602359.19338989 3347059.05780029 7.40100002 1.000000
38602358.84939575 3347058.97778320 7.40199995 1.000000
38602358.54840088 3347058.92077637 7.39699984 1.000000
38602358.27038574 3347058.86877441 7.39200020 1.000000
38602357.52838135 3347058.72875977 7.38000011 1.000000
38602357.29739380 3347058.67376709 7.38100004 1.000000
38602360.84140015 3347059.31079102 7.41499996 1.000000
38602360.61138916 3347059.26776123 7.41099977 1.000000
38602359.96240234 3347059.13677979 7.40399981 1.000000
38602359.75640869 3347059.08978271 7.40399981 1.000000
38602359.57638550 3347059.05975342 7.39900017 1.000000
38602359.39739990 3347059.02575684 7.39699984 1.000000
38602358.87240601 3347058.90576172 7.39799976 1.000000
38602358.70538330 3347058.86480713 7.39900017 1.000000
38602357.90139771 3347058.72076416 7.38199997 1.000000
38602357.66040039 3347058.67376709 7.37900019 1.000000
38602356.90240479 3347058.51379395 7.37400007 1.000000
38602361.34738159 3347059.31475830 7.42299986 1.000000
38602361.09838867 3347059.26977539 7.41699982 1.000000
38602360.17639160 3347059.08679199 7.40700006 1.000000
38602359.59738159 3347058.97875977 7.39599991 1.000000
38602359.39138794 3347058.92279053 7.40100002 1.000000
38602359.22940063 3347058.89776611 7.39599991 1.000000
38602359.05838013 3347058.86175537 7.39499998 1.000000
38602358.43438721 3347058.72778320 7.39200020 1.000000
38602358.30639648 3347058.71075439 7.38700008 1.000000
38602358.16738892 3347058.67980957 7.38600016 1.000000
38602357.44338989 3347058.53979492 7.37599993 1.000000
38602357.32839966 3347058.51275635 7.37699986 1.000000
38602357.11840820 3347058.46978760 7.37400007 1.000000
38602360.87939453 3347059.14276123 7.41099977 1.000000
38602360.64840698 3347059.09979248 7.40700006 1.000000
38602360.42739868 3347059.05780029 7.40299988 1.000000
38602360.21038818 3347059.01379395 7.40100002 1.000000
38602359.99938965 3347058.96881104 7.40000010 1.000000
38602359.78338623 3347058.91479492 7.40299988 1.000000
38602359.60540771 3347058.88580322 7.39699984 1.000000
38602359.40939331 3347058.83776855 7.40000010 1.000000
38602358.88839722 3347058.72180176 7.39900017 1.000000
38602358.74539185 3347058.70080566 7.39400005 1.000000
38602357.92639160 3347058.54376221 7.38100004 1.000000
38602357.67938232 3347058.48980713 7.38000011 1.000000
38602361.38839722 3347059.13977051 7.41900015 1.000000
38602361.12939453 3347059.08880615 7.41599989 1.000000
38602360.21340942 3347058.91076660 7.40299988 1.000000
38602360.00839233 3347058.86981201 7.40100002 1.000000
38602359.81240845 3347058.83178711 7.39799976 1.000000
38602359.26138306 3347058.71777344 7.39300013 1.000000
38602359.09039307 3347058.68176270 7.39200020 1.000000
38602358.33139038 3347058.52575684 7.38600016 1.000000
38602358.06738281 3347058.47479248 7.38199997 1.000000
38602360.67938232 3347058.91979980 7.40600014 1.000000
38602360.44140625 3347058.86578369 7.40600014 1.000000
38602359.82339478 3347058.74279785 7.39799976 1.000000
38602359.63339233 3347058.70477295 7.39599991 1.000000
38602359.44140625 3347058.65875244 7.39699984 1.000000
38602358.91839600 3347058.54180908 7.39799976 1.000000
38602358.76638794 3347058.51379395 7.39499998 1.000000
38602358.47338867 3347058.45581055 7.39099979 1.000000
38602357.70538330 3347058.30780029 7.38000011 1.000000
38602361.39239502 3347058.95379639 7.42299986 1.000000
38602361.14639282 3347058.91076660 7.41699982 1.000000
38602360.91638184 3347058.87280273 7.41099977 1.000000
38602360.23638916 3347058.73675537 7.40399981 1.000000
38602360.02438354 3347058.69079590 7.40299988 1.000000
38602359.82739258 3347058.65179443 7.40000010 1.000000
38602359.26538086 3347058.52880859 7.39900017 1.000000
38602359.09939575 3347058.49676514 7.39699984 1.000000
38602358.34240723 3347058.33978271 7.39099979 1.000000
38602358.08340454 3347058.29376221 7.38500023 1.000000
38602357.96340942 3347058.27575684 7.38100004 1.000000
38602361.40939331 3347058.87475586 7.42199993 1.000000
38602360.67938232 3347058.73577881 7.40999985 1.000000
38602360.45538330 3347058.69177246 7.40700006 1.000000
38602359.64538574 3347058.52777100 7.39900017 1.000000
38602359.45440674 3347058.48376465 7.40000010 1.000000
38602358.62838745 3347058.30578613 7.39599991 1.000000
38602358.49438477 3347058.28680420 7.39099979 1.000000
38602361.17739868 3347058.74481201 7.41499996 1.000000
38602360.93338013 3347058.69775391 7.41099977 1.000000
38602360.03939819 3347058.51275635 7.40399981 1.000000
38602359.83938599 3347058.47180176 7.40199995 1.000000
38602359.45840454 3347058.38879395 7.40100002 1.000000
38602359.12539673 3347058.32678223 7.39499998 1.000000
38602358.95639038 3347058.28778076 7.39599991 1.000000
38602358.10040283 3347058.11676025 7.38600016 1.000000
38602361.44140625 3347058.70080566 7.41800022 1.000000
38602360.48937988 3347058.51977539 7.40299988 1.000000
38602360.25640869 3347058.46276855 7.40500021 1.000000
38602359.86138916 3347058.38879395 7.39799976 1.000000
38602359.49038696 3347058.31378174 7.39400005 1.000000
38602359.30639648 3347058.27081299 7.39499998 1.000000
38602358.65838623 3347058.13177490 7.39200020 1.000000
38602358.52239990 3347058.10980225 7.38800001 1.000000
38602358.24838257 3347058.05676270 7.38399982 1.000000
38602360.97338867 3347058.52276611 7.40600014 1.000000
38602360.73440552 3347058.47479248 7.40399981 1.000000
38602360.08239746 3347058.34179688 7.39699984 1.000000
38602359.86840820 3347058.28979492 7.40000010 1.000000
38602359.69039917 3347058.25976563 7.39499998 1.000000
38602359.15039063 3347058.14178467 7.39300013 1.000000
38602358.98840332 3347058.10876465 7.39200020 1.000000
38602361.46139526 3347058.51379395 7.41900015 1.000000
38602361.22039795 3347058.47479248 7.41200018 1.000000
38602360.51940918 3347058.33978271 7.40100002 1.000000
38602360.28140259 3347058.27978516 7.40500021 1.000000
38602359.51239014 3347058.12878418 7.39499998 1.000000
38602359.32940674 3347058.08679199 7.39499998 1.000000
38602360.99639893 3347058.34875488 7.40600014 1.000000
38602360.76239014 3347058.30377197 7.40299988 1.000000
38602360.54238892 3347058.26177979 7.39900017 1.000000
38602359.89739990 3347058.11981201 7.39799976 1.000000
38602359.71240234 3347058.08477783 7.39499998 1.000000
38602358.84738159 3347057.89581299 7.39300013 1.000000
38602361.25238037 3347058.31280518 7.41099977 1.000000
38602361.00338745 3347058.26379395 7.40799999 1.000000
38602360.54440308 3347058.17376709 7.40199995 1.000000
38602360.31838989 3347058.12280273 7.40199995 1.000000
38602360.11938477 3347058.08679199 7.39799976 1.000000
38602359.35638428 3347057.92175293 7.39499998 1.000000
38602359.19140625 3347057.89080811 7.39200020 1.000000
38602361.50039673 3347058.26080322 7.42000008 1.000000
38602360.79138184 3347058.13677979 7.40299988 1.000000
38602360.56939697 3347058.09478760 7.39900017 1.000000
38602359.91940308 3347057.94879150 7.40000010 1.000000
38602359.73138428 3347057.91076660 7.39699984 1.000000
38602359.54739380 3347057.87280273 7.39599991 1.000000
38602361.27340698 3347058.13177490 7.41200018 1.000000
38602361.02639771 3347058.08380127 7.40799999 1.000000
38602360.34140015 3347057.94281006 7.40199995 1.000000
38602360.13739014 3347057.90380859 7.39900017 1.000000
38602359.93139648 3347057.85681152 7.39900017 1.000000
38602361.52438354 3347058.07476807 7.42000008 1.000000
38602360.58340454 3347057.90075684 7.40199995 1.000000
38602360.14440918 3347057.80480957 7.40100002 1.000000
38602359.94140625 3347057.75976563 7.40000010 1.000000
38602359.75640869 3347057.72479248 7.39699984 1.000000
38602359.56640625 3347057.68280029 7.39699984 1.000000
38602361.29138184 3347057.94378662 7.41300011 1.000000
38602361.05639648 3347057.90380859 7.40700006 1.000000
38602360.81140137 3347057.84979248 7.40700006 1.000000
38602360.36239624 3347057.75677490 7.40299988 1.000000
38602360.16540527 3347057.72180176 7.39900017 1.000000
38602359.96340942 3347057.67877197 7.39699984 1.000000
38602361.55538940 3347057.90478516 7.41800022 1.000000
38602360.60540771 3347057.72479248 7.40199995 1.000000
38602360.16839600 3347057.62976074 7.40100002 1.000000
38602359.96640015 3347057.58679199 7.40000010 1.000000
38602361.07638550 3347057.73480225 7.40799999 1.000000
38602360.83840942 3347057.68676758 7.40500021 1.000000
38602360.17938232 3347057.54876709 7.40100002 1.000000
38602361.57339478 3347057.73181152 7.41900015 1.000000
38602361.31539917 3347057.68176270 7.41499996 1.000000
38602360.39639282 3347057.50079346 7.40299988 1.000000
38602360.86239624 3347057.50976563 7.40500021 1.000000
38602360.63439941 3347057.46276855 7.40299988 1.000000
38602360.42037964 3347057.41979980 7.40000010 1.000000
38602361.59939575 3347057.55175781 7.41800022 1.000000
38602361.35940552 3347057.51275635 7.41099977 1.000000
38602361.12240601 3347057.47076416 7.40600014 1.000000
38602360.66140747 3347057.38079834 7.40000010 1.000000
38602361.62039185 3347057.46075439 7.41599989 1.000000
38602360.89639282 3347057.32678223 7.40299988 1.000000
38602360.67538452 3347057.28576660 7.39900017 1.000000
38602361.37539673 3347057.32379150 7.41300011 1.000000
38602361.13739014 3347057.28076172 7.40799999 1.000000
38602361.63238525 3347057.27978516 7.41900015 1.000000
38602361.39840698 3347057.15576172 7.41300011 1.000000
38602361.15939331 3347057.11279297 7.40799999 1.000000
38602361.66638184 3347057.11676025 7.41699982 1.000000
38602361.40039063 3347057.06079102 7.41499996 1.000000
38602361.69638062 3347056.93475342 7.41699982 1.000000
