38602352.73153687 3347104.26953125 7.42899990 1.000000
38602353.52154541 3347104.25952148 7.42600012 1.000000
38602354.52752686 3347104.27954102 7.41900015 1.000000
38602353.25253296 3347104.13348389 7.42799997 1.000000
38602353.53955078 3347104.07348633 7.42899990 1.000000
38602354.54254150 3347104.08953857 7.42199993 1.000000
38602354.57952881 3347103.88751221 7.41800022 1.000000
38602354.24053955 3347103.65454102 7.42199993 1.000000
38602353.92153931 3347103.52453613 7.42500019 1.000000
38602354.27655029 3347103.46649170 7.42000008 1.000000
38602354.29153442 3347103.26751709 7.42299986 1.000000
38602352.90753174 3347103.10748291 7.42399979 1.000000
38602352.68252563 3347103.08148193 7.42500019 1.000000
38602353.67852783 3347103.09149170 7.42600012 1.000000
38602354.31555176 3347103.06451416 7.42299986 1.000000
38602352.92553711 3347102.90350342 7.42600012 1.000000
38602352.69754028 3347102.87750244 7.42899990 1.000000
38602353.71252441 3347102.89752197 7.42299986 1.000000
38602353.74453735 3347102.71051025 7.42100000 1.000000
38602353.46655273 3347102.67852783 7.42199993 1.000000
38602354.73452759 3347102.72253418 7.41699982 1.000000
38602353.49453735 3347102.47351074 7.42100000 1.000000
38602354.75854492 3347102.52148438 7.41699982 1.000000
38602353.51553345 3347102.28350830 7.42299986 1.000000
38602354.77554321 3347102.33648682 7.41800022 1.000000
38602354.47354126 3347102.10253906 7.41099977 1.000000
38602354.49655151 3347101.90252686 7.41300011 1.000000
38602352.88455200 3347101.71551514 7.41699982 1.000000
38602354.51354980 3347101.71850586 7.41499996 1.000000
38602353.91552734 3347101.44952393 7.41900015 1.000000
38602353.66354370 3347101.31750488 7.41599989 1.000000
38602354.96752930 3347101.08349609 7.40899992 1.000000
38602354.64553833 3347100.84649658 7.40999985 1.000000
38602354.66152954 3347100.74450684 7.40899992 1.000000
38602354.09353638 3347100.29748535 7.40999985 1.000000
38602355.10855103 3347100.11248779 7.40600014 1.000000
38602355.13253784 3347099.92950439 7.40500021 1.000000
38602355.19454956 3347099.73748779 7.39599991 1.000000
38602354.85052490 3347099.69750977 7.39499998 1.000000
38602355.19152832 3347099.63452148 7.40100002 1.000000
38602354.85153198 3347099.49652100 7.40199995 1.000000
38602355.23654175 3347099.44848633 7.39599991 1.000000
38602352.87854004 3347099.17248535 7.39900017 1.000000
38602354.57855225 3347099.07849121 7.40399981 1.000000
38602354.29855347 3347098.93951416 7.40299988 1.000000
38602352.93252563 3347098.77954102 7.39900017 1.000000
38602354.94354248 3347098.82348633 7.39900017 1.000000
38602352.44055176 3347098.52954102 7.39900017 1.000000
38602354.35253906 3347098.66149902 7.39699984 1.000000
38602352.97055054 3347098.49951172 7.39900017 1.000000
38602355.32855225 3347098.67950439 7.39599991 1.000000
38602353.84854126 3347098.50549316 7.39499998 1.000000
38602352.03353882 3347098.29254150 7.39799976 1.000000
38602355.34954834 3347098.58349609 7.39400005 1.000000
38602355.00653076 3347098.54351807 7.39300013 1.000000
38602354.67053223 3347098.50451660 7.39799976 1.000000
38602354.37652588 3347098.46948242 7.39799976 1.000000
38602353.61953735 3347098.38049316 7.39699984 1.000000
38602353.00253296 3347098.30853271 7.39699984 1.000000
38602352.81454468 3347098.28649902 7.39900017 1.000000
38602352.48153687 3347098.24749756 7.39900017 1.000000
38602351.91354370 3347098.18054199 7.39900017 1.000000
38602355.33255005 3347098.48052979 7.40100002 1.000000
38602352.19552612 3347098.11151123 7.39900017 1.000000
38602355.33654785 3347098.37750244 7.40299988 1.000000
38602352.20852661 3347098.01153564 7.39900017 1.000000
38602355.37554932 3347098.28552246 7.39499998 1.000000
38602355.02154541 3347098.24353027 7.39699984 1.000000
38602354.70452881 3347098.20648193 7.39699984 1.000000
38602354.41653442 3347098.17352295 7.39599991 1.000000
38602354.13455200 3347098.14050293 7.39900017 1.000000
38602353.89953613 3347098.11248779 7.39400005 1.000000
38602353.64852905 3347098.08349609 7.39900017 1.000000
38602353.43353271 3347098.05749512 7.39799976 1.000000
38602353.03854370 3347098.01153564 7.39699984 1.000000
38602352.85153198 3347097.98950195 7.39900017 1.000000
38602352.68252563 3347097.96948242 7.39799976 1.000000
38602352.22854614 3347097.91650391 7.39599991 1.000000
38602352.08752441 3347097.89953613 7.39799976 1.000000
38602351.82855225 3347097.86950684 7.39900017 1.000000
38602353.04754639 3347097.92053223 7.39799976 1.000000
38602352.53054810 3347097.85949707 7.39900017 1.000000
38602351.61154175 3347097.75152588 7.39699984 1.000000
38602355.38253784 3347098.10150146 7.39900017 1.000000
38602355.03854370 3347098.06152344 7.39900017 1.000000
38602353.90853882 3347097.92950439 7.39900017 1.000000
38602354.44552612 3347097.89550781 7.39900017 1.000000
38602353.68954468 3347097.80749512 7.39900017 1.000000
38602353.08255005 3347097.73651123 7.39499998 1.000000
38602352.89154053 3347097.71350098 7.39900017 1.000000
38602352.40853882 3347097.65753174 7.39799976 1.000000
38602352.12353516 3347097.62353516 7.39900017 1.000000
38602351.74954224 3347097.57952881 7.39900017 1.000000
38602355.42254639 3347097.90948486 7.39599991 1.000000
38602355.07354736 3347097.86853027 7.39699984 1.000000
38602354.75054932 3347097.83050537 7.39900017 1.000000
38602353.93853760 3347097.73553467 7.39799976 1.000000
38602353.71054077 3347097.70953369 7.39599991 1.000000
38602353.48553467 3347097.68249512 7.39799976 1.000000
38602354.77554321 3347097.73150635 7.39599991 1.000000
38602354.47653198 3347097.69653320 7.39799976 1.000000
38602354.20053101 3347097.66448975 7.39900017 1.000000
38602353.11053467 3347097.53649902 7.39499998 1.000000
38602352.92053223 3347097.51452637 7.39900017 1.000000
38602352.75054932 3347097.49450684 7.39799976 1.000000
38602352.58853149 3347097.47552490 7.39900017 1.000000
38602352.29153442 3347097.44049072 7.39900017 1.000000
38602352.15353394 3347097.42449951 7.39900017 1.000000
38602351.78152466 3347097.38049316 7.39799976 1.000000
38602355.43954468 3347097.71350098 7.39900017 1.000000
38602355.11154175 3347097.67449951 7.39400005 1.000000
38602353.31054688 3347097.46453857 7.39799976 1.000000
38602352.45153809 3347097.36352539 7.39799976 1.000000
38602352.16854858 3347097.33050537 7.39900017 1.000000
38602351.91952515 3347097.30053711 7.39599991 1.000000
38602352.77752686 3347097.30950928 7.39799976 1.000000
38602355.11352539 3347097.49053955 7.39900017 1.000000
38602354.80752563 3347097.45452881 7.39699984 1.000000
38602354.51452637 3347097.42053223 7.39699984 1.000000
38602353.14053345 3347097.25952148 7.39799976 1.000000
38602355.49453735 3347097.43853760 7.39200020 1.000000
38602354.54254150 3347097.32751465 7.39200020 1.000000
38602354.24954224 3347097.29351807 7.39900017 1.000000
38602354.01452637 3347097.26550293 7.39400005 1.000000
38602353.77154541 3347097.23748779 7.39699984 1.000000
38602353.55154419 3347097.21148682 7.39799976 1.000000
38602352.97552490 3347097.14453125 7.39699984 1.000000
38602352.64453125 3347097.10552979 7.39699984 1.000000
38602352.49655151 3347097.08850098 7.39499998 1.000000
38602352.35052490 3347097.07153320 7.39499998 1.000000
38602352.08453369 3347097.03948975 7.39400005 1.000000
38602351.95153809 3347097.02453613 7.39799976 1.000000
38602351.72354126 3347096.99749756 7.39599991 1.000000
38602355.51153564 3347097.33953857 7.39099979 1.000000
38602355.15252686 3347097.29748535 7.39499998 1.000000
38602354.83654785 3347097.26049805 7.39499998 1.000000
38602353.78854370 3347097.13848877 7.39599991 1.000000
38602353.36154175 3347097.08850098 7.39699984 1.000000
38602353.18154907 3347097.06750488 7.39200020 1.000000
38602352.09555054 3347096.93951416 7.39599991 1.000000
38602351.84652710 3347096.91052246 7.39900017 1.000000
38602351.32553101 3347096.84851074 7.39900017 1.000000
38602355.19152832 3347097.19952393 7.38899994 1.000000
38602354.57754517 3347097.12750244 7.38999987 1.000000
38602354.32052612 3347097.09753418 7.38600016 1.000000
38602354.05752563 3347097.06652832 7.38899994 1.000000
38602353.81753540 3347097.03851318 7.39099979 1.000000
38602353.59454346 3347097.01251221 7.39300013 1.000000
38602352.83654785 3347096.92449951 7.39599991 1.000000
38602352.68453979 3347096.90649414 7.39200020 1.000000
38602352.52954102 3347096.88751221 7.39300013 1.000000
38602352.24453735 3347096.85449219 7.39499998 1.000000
38602355.56753540 3347097.14453125 7.38399982 1.000000
38602355.20755005 3347097.10253906 7.38800001 1.000000
38602354.88455200 3347097.06451416 7.38999987 1.000000
38602353.83255005 3347096.94152832 7.39099979 1.000000
38602353.60952759 3347096.91552734 7.39200020 1.000000
38602353.40652466 3347096.89251709 7.39200020 1.000000
38602353.21554565 3347096.86950684 7.39099979 1.000000
38602353.04354858 3347096.84948730 7.38700008 1.000000
38602352.13055420 3347096.74249268 7.39300013 1.000000
38602351.88754272 3347096.71350098 7.39400005 1.000000
38602351.66354370 3347096.68750000 7.39400005 1.000000
38602351.46353149 3347096.66448975 7.39200020 1.000000
38602354.58752441 3347096.93652344 7.39599991 1.000000
38602354.32754517 3347096.90649414 7.39300013 1.000000
38602354.06854248 3347096.87652588 7.39499998 1.000000
38602352.87155151 3347096.73651123 7.39300013 1.000000
38602352.70153809 3347096.71649170 7.39699984 1.000000
38602352.55752563 3347096.69952393 7.39300013 1.000000
38602352.27154541 3347096.66552734 7.39499998 1.000000
38602351.57354736 3347096.58453369 7.39400005 1.000000
38602355.21554565 3347096.91851807 7.39400005 1.000000
38602354.89953613 3347096.88250732 7.39400005 1.000000
38602354.61053467 3347096.84851074 7.39300013 1.000000
38602353.62652588 3347096.73352051 7.39599991 1.000000
38602353.42755127 3347096.71051025 7.39400005 1.000000
38602353.23953247 3347096.68853760 7.39200020 1.000000
38602353.05554199 3347096.66650391 7.39400005 1.000000
38602351.90652466 3347096.53149414 7.39799976 1.000000
38602355.58752441 3347096.86553955 7.38899994 1.000000
38602354.63354492 3347096.75451660 7.38999987 1.000000
38602354.34252930 3347096.72052002 7.39599991 1.000000
38602354.10153198 3347096.69250488 7.39300013 1.000000
38602353.86254883 3347096.66448975 7.39499998 1.000000
38602352.72955322 3347096.53253174 7.39699984 1.000000
38602352.43353271 3347096.49749756 7.39599991 1.000000
38602352.29452515 3347096.48150635 7.39699984 1.000000
38602352.04653931 3347096.45153809 7.39400005 1.000000
38602351.69952393 3347096.41149902 7.39799976 1.000000
38602355.59854126 3347096.76550293 7.38899994 1.000000
38602355.25354004 3347096.72552490 7.38999987 1.000000
38602354.93252563 3347096.68853760 7.39099979 1.000000
38602353.66354370 3347096.54052734 7.39200020 1.000000
38602353.44653320 3347096.51452637 7.39699984 1.000000
38602353.26754761 3347096.49353027 7.39200020 1.000000
38602353.07553101 3347096.47149658 7.39599991 1.000000
38602352.90554810 3347096.45153809 7.39599991 1.000000
38602351.93954468 3347096.33752441 7.39499998 1.000000
38602351.71252441 3347096.31152344 7.39799976 1.000000
38602351.51052856 3347096.28753662 7.39699984 1.000000
38602355.61154175 3347096.66650391 7.38899994 1.000000
38602354.37454224 3347096.52252197 7.39300013 1.000000
38602354.11853027 3347096.49249268 7.39499998 1.000000
38602353.88754272 3347096.46551514 7.39400005 1.000000
38602352.75854492 3347096.33349609 7.39499998 1.000000
38602352.45852661 3347096.29852295 7.39699984 1.000000
38602352.32754517 3347096.28253174 7.39400005 1.000000
38602352.06753540 3347096.25250244 7.39599991 1.000000
38602355.27154541 3347096.53149414 7.38999987 1.000000
38602354.94754028 3347096.49353027 7.39200020 1.000000
38602354.65155029 3347096.45849609 7.39400005 1.000000
38602353.47152710 3347096.32049561 7.39599991 1.000000
38602353.29354858 3347096.30053711 7.38999987 1.000000
38602353.10354614 3347096.27752686 7.39400005 1.000000
38602352.93652344 3347096.25848389 7.39300013 1.000000
38602351.84555054 3347096.13049316 7.39799976 1.000000
38602351.73754883 3347096.11749268 7.39799976 1.000000
38602351.53253174 3347096.09350586 7.39900017 1.000000
38602355.63153076 3347096.48052979 7.38800001 1.000000
38602354.39053345 3347096.33648682 7.39400005 1.000000
38602354.14553833 3347096.30749512 7.39300013 1.000000
38602353.92053223 3347096.28149414 7.38999987 1.000000
38602353.69152832 3347096.25451660 7.39400005 1.000000
38602352.63455200 3347096.13153076 7.39300013 1.000000
38602352.48355103 3347096.11352539 7.39599991 1.000000
38602352.34555054 3347096.09753418 7.39599991 1.000000
38602352.09252930 3347096.06750488 7.39599991 1.000000
38602354.98254395 3347096.31353760 7.38800001 1.000000
38602354.68652344 3347096.27954102 7.38899994 1.000000
38602354.40155029 3347096.24548340 7.39400005 1.000000
38602353.50054932 3347096.14050293 7.39300013 1.000000
38602353.32153320 3347096.11950684 7.38800001 1.000000
38602353.12252808 3347096.09649658 7.39599991 1.000000
38602352.96054077 3347096.07751465 7.39200020 1.000000
38602351.65652466 3347095.92449951 7.39900017 1.000000
38602351.46554565 3347095.90252686 7.39699984 1.000000
38602355.67553711 3347096.29852295 7.38199997 1.000000
38602355.31753540 3347096.25653076 7.38600016 1.000000
38602355.00653076 3347096.22052002 7.38500023 1.000000
38602354.17852783 3347096.12451172 7.38999987 1.000000
38602353.94552612 3347096.09649658 7.38999987 1.000000
38602353.72854614 3347096.07153320 7.38999987 1.000000
38602352.52453613 3347095.93054199 7.38899994 1.000000
38602352.24453735 3347095.89752197 7.39499998 1.000000
38602352.12353516 3347095.88348389 7.39400005 1.000000
38602351.89553833 3347095.85650635 7.39200020 1.000000
38602355.02853394 3347096.12750244 7.38199997 1.000000
38602354.73852539 3347096.09350586 7.38199997 1.000000
38602354.45053101 3347096.05950928 7.38800001 1.000000
38602354.20355225 3347096.03149414 7.38600016 1.000000
38602353.54553223 3347095.95452881 7.38700008 1.000000
38602353.35052490 3347095.93151855 7.38800001 1.000000
38602353.18054199 3347095.91149902 7.38399982 1.000000
38602352.83554077 3347095.87152100 7.38899994 1.000000
38602352.68853760 3347095.85449219 7.38700008 1.000000
38602351.69754028 3347095.73748779 7.39200020 1.000000
38602351.49353027 3347095.71350098 7.39799976 1.000000
38602355.71954346 3347096.10748291 7.37799978 1.000000
38602355.37554932 3347096.06750488 7.37799978 1.000000
38602353.97653198 3347095.90454102 7.38999987 1.000000
38602353.76354980 3347095.87951660 7.38800001 1.000000
38602352.56152344 3347095.73852539 7.38600016 1.000000
38602352.28854370 3347095.70648193 7.38800001 1.000000
38602352.15954590 3347095.69152832 7.38999987 1.000000
38602351.92153931 3347095.66351318 7.39400005 1.000000
38602355.06854248 3347095.92950439 7.38000011 1.000000
38602354.75753784 3347095.89349365 7.38500023 1.000000
38602354.49453735 3347095.86248779 7.38299990 1.000000
38602354.23754883 3347095.83349609 7.38500023 1.000000
38602353.56954956 3347095.75549316 7.38899994 1.000000
38602353.20852661 3347095.71350098 7.38500023 1.000000
38602353.02053833 3347095.69152832 7.39200020 1.000000
38602352.87155151 3347095.67352295 7.38700008 1.000000
38602352.72152710 3347095.65649414 7.38600016 1.000000
38602351.72354126 3347095.53948975 7.39400005 1.000000
38602351.53454590 3347095.51654053 7.39099979 1.000000
38602355.73153687 3347095.91052246 7.38299990 1.000000
38602355.38653564 3347095.87048340 7.38299990 1.000000
38602354.00955200 3347095.71051025 7.38800001 1.000000
38602353.77655029 3347095.68353271 7.39300013 1.000000
38602352.44253540 3347095.52752686 7.39099979 1.000000
38602352.31652832 3347095.51251221 7.38899994 1.000000
38602352.06753540 3347095.48352051 7.39200020 1.000000
38602351.95553589 3347095.47052002 7.39099979 1.000000
38602355.39453125 3347095.77954102 7.38399982 1.000000
38602354.78753662 3347095.70953369 7.38399982 1.000000
38602354.50653076 3347095.67651367 7.38800001 1.000000
38602354.26852417 3347095.64849854 7.38399982 1.000000
38602353.05453491 3347095.50750732 7.38800001 1.000000
38602352.88455200 3347095.48748779 7.39200020 1.000000
38602352.73654175 3347095.47052002 7.39099979 1.000000
38602355.76153564 3347095.73052979 7.38100004 1.000000
38602355.41854858 3347095.69152832 7.38100004 1.000000
38602355.09555054 3347095.65350342 7.38299990 1.000000
38602354.04052734 3347095.53051758 7.38600016 1.000000
38602353.81652832 3347095.50451660 7.38800001 1.000000
38602353.62454224 3347095.48248291 7.38299990 1.000000
38602353.43154907 3347095.45953369 7.38299990 1.000000
38602353.24954224 3347095.43853760 7.38399982 1.000000
38602352.33752441 3347095.33251953 7.38999987 1.000000
38602352.09454346 3347095.30352783 7.39099979 1.000000
38602351.86752319 3347095.27648926 7.39400005 1.000000
38602351.66152954 3347095.25250244 7.39599991 1.000000
38602354.82354736 3347095.52551270 7.38100004 1.000000
38602354.55453491 3347095.49450684 7.38000011 1.000000
38602354.29653931 3347095.46453857 7.38199997 1.000000
38602353.26654053 3347095.34448242 7.38199997 1.000000
38602353.07952881 3347095.32250977 7.38800001 1.000000
38602352.92553711 3347095.30450439 7.38600016 1.000000
38602352.77453613 3347095.28649902 7.38500023 1.000000
38602352.49752808 3347095.25451660 7.38299990 1.000000
38602355.80752563 3347095.53851318 7.37500000 1.000000
38602355.44754028 3347095.49652100 7.38000011 1.000000
38602355.13354492 3347095.46051025 7.37900019 1.000000
38602354.08752441 3347095.33850098 7.37799978 1.000000
38602353.84155273 3347095.30950928 7.38800001 1.000000
38602353.65753174 3347095.28851318 7.38000011 1.000000
38602353.46154785 3347095.26550293 7.38199997 1.000000
38602352.25054932 3347095.12451172 7.38600016 1.000000
38602352.12854004 3347095.10949707 7.38700008 1.000000
38602351.90252686 3347095.08349609 7.38999987 1.000000
38602351.69454956 3347095.05853271 7.39200020 1.000000
38602355.14154053 3347095.36053467 7.38100004 1.000000
38602354.85354614 3347095.32751465 7.37900019 1.000000
38602354.57354736 3347095.29449463 7.38299990 1.000000
38602354.32452393 3347095.26550293 7.38199997 1.000000
38602353.29354858 3347095.14550781 7.38199997 1.000000
38602353.10354614 3347095.12353516 7.38999987 1.000000
38602352.95852661 3347095.10650635 7.38299990 1.000000
38602352.65554810 3347095.07153320 7.38600016 1.000000
38602352.51953125 3347095.05554199 7.38500023 1.000000
38602355.48953247 3347095.30450439 7.37599993 1.000000
38602354.60153198 3347095.20153809 7.37799978 1.000000
38602354.11053467 3347095.14453125 7.38000011 1.000000
38602353.88055420 3347095.11749268 7.38399982 1.000000
38602353.68753052 3347095.09448242 7.37900019 1.000000
38602353.49554443 3347095.07250977 7.37900019 1.000000
38602352.28152466 3347094.93054199 7.38399982 1.000000
38602352.16055298 3347094.91650391 7.38500023 1.000000
38602351.93954468 3347094.89050293 7.38500023 1.000000
38602351.72454834 3347094.86553955 7.39200020 1.000000
38602355.86154175 3347095.25451660 7.37200022 1.000000
38602355.17953491 3347095.17553711 7.37799978 1.000000
38602354.89154053 3347095.14154053 7.37699986 1.000000
38602354.61154175 3347095.10949707 7.37900019 1.000000
38602354.36352539 3347095.08050537 7.37799978 1.000000
38602353.14654541 3347094.93853760 7.38399982 1.000000
38602352.82952881 3347094.90148926 7.38600016 1.000000
38602352.69454956 3347094.88653564 7.38100004 1.000000
38602352.55953979 3347094.87048340 7.38000011 1.000000
38602355.52554321 3347095.12249756 7.37300014 1.000000
38602355.21954346 3347095.08648682 7.36999989 1.000000
38602353.91952515 3347094.93548584 7.38000011 1.000000
38602353.71752930 3347094.91253662 7.37900019 1.000000
38602353.53753662 3347094.89154053 7.37400007 1.000000
38602353.35153198 3347094.86950684 7.37599993 1.000000
38602352.32153320 3347094.74951172 7.37799978 1.000000
38602352.07354736 3347094.72052002 7.38600016 1.000000
38602351.86553955 3347094.69653320 7.38399982 1.000000
38602351.65853882 3347094.67150879 7.39099979 1.000000
38602355.87155151 3347095.06549072 7.37599993 1.000000
38602354.62954712 3347094.92150879 7.38199997 1.000000
38602354.38552856 3347094.89349365 7.38000011 1.000000
38602354.14654541 3347094.86553955 7.38199997 1.000000
38602353.01654053 3347094.73449707 7.38199997 1.000000
38602352.86154175 3347094.71649170 7.38299990 1.000000
38602352.71752930 3347094.69952393 7.38299990 1.000000
38602352.45153809 3347094.66851807 7.38199997 1.000000
38602355.54254150 3347094.92749023 7.37599993 1.000000
38602355.22152710 3347094.88952637 7.37699986 1.000000
38602354.92153931 3347094.85552979 7.37900019 1.000000
38602354.39553833 3347094.79351807 7.38100004 1.000000
38602353.93954468 3347094.74053955 7.38199997 1.000000
38602353.73452759 3347094.71752930 7.38199997 1.000000
38602353.55654907 3347094.69653320 7.37699986 1.000000
38602353.36254883 3347094.67352295 7.38199997 1.000000
38602352.34054565 3347094.55450439 7.38199997 1.000000
38602352.10354614 3347094.52648926 7.38399982 1.000000
38602351.88354492 3347094.50152588 7.38899994 1.000000
38602351.69454956 3347094.47851563 7.38600016 1.000000
38602355.90853882 3347094.86853027 7.37300014 1.000000
38602354.66152954 3347094.72351074 7.38000011 1.000000
38602354.41354370 3347094.69451904 7.37900019 1.000000
38602354.17654419 3347094.66754150 7.38000011 1.000000
38602353.04754639 3347094.53649902 7.38000011 1.000000
38602352.88754272 3347094.51751709 7.38399982 1.000000
38602352.74554443 3347094.50048828 7.38199997 1.000000
38602352.47955322 3347094.46948242 7.38100004 1.000000
38602355.57855225 3347094.73352051 7.37200022 1.000000
38602355.25054932 3347094.69549561 7.37500000 1.000000
38602354.95553589 3347094.66149902 7.37599993 1.000000
38602354.19952393 3347094.57348633 7.37599993 1.000000
38602353.97955322 3347094.54852295 7.37699986 1.000000
38602353.76452637 3347094.52349854 7.38000011 1.000000
38602353.57452393 3347094.50152588 7.38000011 1.000000
38602353.22354126 3347094.46051025 7.37900019 1.000000
38602352.13952637 3347094.33349609 7.38000011 1.000000
38602351.92453003 3347094.30853271 7.38100004 1.000000
38602351.71655273 3347094.28448486 7.38899994 1.000000
38602355.94454956 3347094.68450928 7.36999989 1.000000
38602354.69454956 3347094.53948975 7.37799978 1.000000
38602354.44754028 3347094.51049805 7.37599993 1.000000
38602354.21154785 3347094.48352051 7.37699986 1.000000
38602352.91455078 3347094.33251953 7.38299990 1.000000
38602352.63552856 3347094.30053711 7.38199997 1.000000
38602352.50054932 3347094.28448486 7.38399982 1.000000
38602352.26354980 3347094.25653076 7.38199997 1.000000
38602355.28555298 3347094.51550293 7.37400007 1.000000
38602354.99154663 3347094.48150635 7.37400007 1.000000
38602353.61254883 3347094.32153320 7.37599993 1.000000
38602353.42654419 3347094.30053711 7.37799978 1.000000
38602353.25653076 3347094.28051758 7.37699986 1.000000
38602353.08554077 3347094.26049805 7.38199997 1.000000
38602351.95254517 3347094.12854004 7.38100004 1.000000
38602355.99252319 3347094.50048828 7.36600018 1.000000
38602355.63455200 3347094.45953369 7.36899996 1.000000
38602354.48452759 3347094.32653809 7.37400007 1.000000
38602354.24154663 3347094.29852295 7.37699986 1.000000
38602354.02655029 3347094.27349854 7.37500000 1.000000
38602353.82153320 3347094.24951172 7.37500000 1.000000
38602352.95654297 3347094.14849854 7.37799978 1.000000
38602352.66552734 3347094.11450195 7.38199997 1.000000
38602352.53955078 3347094.10052490 7.38000011 1.000000
38602352.29452515 3347094.07153320 7.38000011 1.000000
38602352.07153320 3347094.04553223 7.38100004 1.000000
38602355.98754883 3347094.39953613 7.37099981 1.000000
38602355.31353760 3347094.32153320 7.37400007 1.000000
38602355.01553345 3347094.28753662 7.37599993 1.000000
38602354.73953247 3347094.25549316 7.37799978 1.000000
38602353.64755249 3347094.12854004 7.37400007 1.000000
38602353.46054077 3347094.10650635 7.37599993 1.000000
38602353.28054810 3347094.08551025 7.38000011 1.000000
38602353.11853027 3347094.06652832 7.38000011 1.000000
38602352.08255005 3347093.94653320 7.38299990 1.000000
38602351.88455200 3347093.92248535 7.38000011 1.000000
38602356.00054932 3347094.30053711 7.37099981 1.000000
38602355.65054321 3347094.25952148 7.37300014 1.000000
38602354.75555420 3347094.15649414 7.37699986 1.000000
38602354.51254272 3347094.12854004 7.37400007 1.000000
38602354.26052856 3347094.09851074 7.38000011 1.000000
38602354.04754639 3347094.07452393 7.37799978 1.000000
38602353.84954834 3347094.05151367 7.37599993 1.000000
38602352.83352661 3347093.93353271 7.38100004 1.000000
38602352.69854736 3347093.91754150 7.38000011 1.000000
38602352.56854248 3347093.90252686 7.37900019 1.000000
38602352.31954956 3347093.87353516 7.38199997 1.000000
38602355.35354614 3347094.12951660 7.36999989 1.000000
38602355.05953979 3347094.09552002 7.36999989 1.000000
38602353.67553711 3347093.93548584 7.37300014 1.000000
38602353.48654175 3347093.91351318 7.37599993 1.000000
38602353.31454468 3347093.89349365 7.37699986 1.000000
38602353.14352417 3347093.87353516 7.38100004 1.000000
38602351.89852905 3347093.72851563 7.38700008 1.000000
38602356.01654053 3347094.11651611 7.37300014 1.000000
38602355.66754150 3347094.07653809 7.37500000 1.000000
38602354.52655029 3347093.94451904 7.37799978 1.000000
38602354.29153442 3347093.91754150 7.37799978 1.000000
38602354.06652832 3347093.89154053 7.38000011 1.000000
38602353.86752319 3347093.86749268 7.37799978 1.000000
38602352.71752930 3347093.73449707 7.38299990 1.000000
38602352.46353149 3347093.70550537 7.38299990 1.000000
38602352.34155273 3347093.69049072 7.38399982 1.000000
38602352.11453247 3347093.66448975 7.38700008 1.000000
38602355.35855103 3347093.95050049 7.37599993 1.000000
38602355.06454468 3347093.91650391 7.37599993 1.000000
38602354.78652954 3347093.88452148 7.37900019 1.000000
38602353.50753784 3347093.73651123 7.37799978 1.000000
38602353.32754517 3347093.71551514 7.38100004 1.000000
38602353.16455078 3347093.69653320 7.38199997 1.000000
38602352.87454224 3347093.66253662 7.37900019 1.000000
38602356.04254150 3347093.93353271 7.37200022 1.000000
38602355.70254517 3347093.89453125 7.37099981 1.000000
38602354.31253052 3347093.73352051 7.37900019 1.000000
38602354.10354614 3347093.70953369 7.37500000 1.000000
38602353.89053345 3347093.68450928 7.37799978 1.000000
38602353.70852661 3347093.66351318 7.37500000 1.000000
38602352.75854492 3347093.55352783 7.37500000 1.000000
38602352.49853516 3347093.52349854 7.37699986 1.000000
38602352.25653076 3347093.49548340 7.38299990 1.000000
38602352.14852905 3347093.48248291 7.38299990 1.000000
38602351.94354248 3347093.45849609 7.38399982 1.000000
38602355.39755249 3347093.76348877 7.37099981 1.000000
38602355.10455322 3347093.72949219 7.37200022 1.000000
38602354.82754517 3347093.69750977 7.37400007 1.000000
38602354.58053589 3347093.66851807 7.37200022 1.000000
38602353.53353882 3347093.54748535 7.37799978 1.000000
38602353.37155151 3347093.52850342 7.37400007 1.000000
38602353.05352783 3347093.49151611 7.37599993 1.000000
38602352.90155029 3347093.47448730 7.37900019 1.000000
38602356.08154297 3347093.74249268 7.36999989 1.000000
38602355.73754883 3347093.70251465 7.36899996 1.000000
38602355.41055298 3347093.66448975 7.37200022 1.000000
38602354.36154175 3347093.54351807 7.37200022 1.000000
38602354.14654541 3347093.51849365 7.37099981 1.000000
38602353.93753052 3347093.49450684 7.37200022 1.000000
38602353.74655151 3347093.47253418 7.37099981 1.000000
38602352.53652954 3347093.33251953 7.37300014 1.000000
38602352.29254150 3347093.30352783 7.37900019 1.000000
38602352.07855225 3347093.27850342 7.38000011 1.000000
38602351.88253784 3347093.25549316 7.38100004 1.000000
38602355.15054321 3347093.53448486 7.36800003 1.000000
38602354.86453247 3347093.50152588 7.37200022 1.000000
38602354.61853027 3347093.47351074 7.36999989 1.000000
38602353.57052612 3347093.35253906 7.37599993 1.000000
38602353.24752808 3347093.31451416 7.37099981 1.000000
38602353.09054565 3347093.29650879 7.37300014 1.000000
38602352.94552612 3347093.27954102 7.37300014 1.000000
38602352.68054199 3347093.24951172 7.37200022 1.000000
38602355.78152466 3347093.51251221 7.36700010 1.000000
38602355.46453857 3347093.47552490 7.36700010 1.000000
38602354.17852783 3347093.32751465 7.37099981 1.000000
38602353.97552490 3347093.30352783 7.36999989 1.000000
38602353.78652954 3347093.28253174 7.36800003 1.000000
38602352.44952393 3347093.12750244 7.37300014 1.000000
38602352.33053589 3347093.11352539 7.37599993 1.000000
38602352.11053467 3347093.08752441 7.38000011 1.000000
38602351.90954590 3347093.06451416 7.38299990 1.000000
38602356.13653564 3347093.46350098 7.36800003 1.000000
38602355.16253662 3347093.35150146 7.37300014 1.000000
38602354.89453125 3347093.32049561 7.37200022 1.000000
38602354.64254761 3347093.29150391 7.37200022 1.000000
38602354.40054321 3347093.26348877 7.37500000 1.000000
38602353.26153564 3347093.13153076 7.37799978 1.000000
38602353.11154175 3347093.11450195 7.37699986 1.000000
38602352.95953369 3347093.09753418 7.38000011 1.000000
38602352.69552612 3347093.06652832 7.37799978 1.000000
38602355.78854370 3347093.33251953 7.37200022 1.000000
38602355.46554565 3347093.29553223 7.37300014 1.000000
38602354.18453979 3347093.14752197 7.37799978 1.000000
38602353.99154663 3347093.12548828 7.37300014 1.000000
38602353.61553955 3347093.08148193 7.37400007 1.000000
38602353.42852783 3347093.06048584 7.38100004 1.000000
38602352.34353638 3347092.93450928 7.38199997 1.000000
38602352.12454224 3347092.90948486 7.38600016 1.000000
38602351.93652344 3347092.88751221 7.38199997 1.000000
38602356.13354492 3347093.27648926 7.37400007 1.000000
38602354.90353394 3347093.13452148 7.37699986 1.000000
38602354.65554810 3347093.10552979 7.37500000 1.000000
38602354.41754150 3347093.07849121 7.37699986 1.000000
38602353.28753662 3347092.94750977 7.37699986 1.000000
38602353.13055420 3347092.92950439 7.37900019 1.000000
38602352.85153198 3347092.89752197 7.37799978 1.000000
38602352.71252441 3347092.88153076 7.38199997 1.000000
38602352.47552490 3347092.85351563 7.37900019 1.000000
38602355.80453491 3347093.13751221 7.37300014 1.000000
38602355.48355103 3347093.10052490 7.37400007 1.000000
38602355.18453979 3347093.06549072 7.37699986 1.000000
38602354.01153564 3347092.93054199 7.37500000 1.000000
38602353.82153320 3347092.90850830 7.37400007 1.000000
38602353.63952637 3347092.88751221 7.37400007 1.000000
38602353.45654297 3347092.86651611 7.37900019 1.000000
38602352.26553345 3347092.72753906 7.38000011 1.000000
38602352.05853271 3347092.70349121 7.38199997 1.000000
38602356.16253662 3347093.07751465 7.37200022 1.000000
38602355.18554688 3347092.96551514 7.38000011 1.000000
38602354.92755127 3347092.93548584 7.37599993 1.000000
38602354.67953491 3347092.90649414 7.37500000 1.000000
38602354.43252563 3347092.87854004 7.38000011 1.000000
38602354.23153687 3347092.85552979 7.37400007 1.000000
38602353.15954590 3347092.73150635 7.37799978 1.000000
38602352.86553955 3347092.69750977 7.38399982 1.000000
38602352.75253296 3347092.68450928 7.37500000 1.000000
38602352.49954224 3347092.65454102 7.38100004 1.000000
38602356.18453979 3347092.98449707 7.36899996 1.000000
38602355.51254272 3347092.90753174 7.37300014 1.000000
38602355.21752930 3347092.87353516 7.37400007 1.000000
38602353.85052490 3347092.71551514 7.37200022 1.000000
38602353.66152954 3347092.69451904 7.37500000 1.000000
38602353.49154663 3347092.67449951 7.37500000 1.000000
38602353.32653809 3347092.65551758 7.37699986 1.000000
38602352.28955078 3347092.53552246 7.38100004 1.000000
38602352.08554077 3347092.51153564 7.38199997 1.000000
38602356.20452881 3347092.89648438 7.36700010 1.000000
38602355.85653687 3347092.85650635 7.36800003 1.000000
38602354.96154785 3347092.75354004 7.37300014 1.000000
38602354.70852661 3347092.72448730 7.37300014 1.000000
38602354.48153687 3347092.69848633 7.37099981 1.000000
38602354.26953125 3347092.67352295 7.36899996 1.000000
38602354.06353760 3347092.65051270 7.36899996 1.000000
38602353.04855347 3347092.53350830 7.37400007 1.000000
38602352.91152954 3347092.51751709 7.37400007 1.000000
38602352.65155029 3347092.48651123 7.37599993 1.000000
38602352.53253174 3347092.47351074 7.37599993 1.000000
38602355.25955200 3347092.69750977 7.36800003 1.000000
38602353.88153076 3347092.53851318 7.36999989 1.000000
38602353.69653320 3347092.51654053 7.37200022 1.000000
38602353.52554321 3347092.49749756 7.37200022 1.000000
38602353.36154175 3347092.47851563 7.37300014 1.000000
38602352.11352539 3347092.33349609 7.38100004 1.000000
38602354.99154663 3347092.57250977 7.37200022 1.000000
38602354.74554443 3347092.54351807 7.36999989 1.000000
38602354.50753784 3347092.51654053 7.37200022 1.000000
38602354.28652954 3347092.49053955 7.37200022 1.000000
38602354.08853149 3347092.46752930 7.36999989 1.000000
38602352.93954468 3347092.33551025 7.37400007 1.000000
38602352.67755127 3347092.30450439 7.37699986 1.000000
38602352.44754028 3347092.27850342 7.37599993 1.000000
38602352.33654785 3347092.26550293 7.37799978 1.000000
38602355.34555054 3347092.51348877 7.35099983 1.000000
38602355.01354980 3347092.47552490 7.36999989 1.000000
38602354.30853271 3347092.39349365 7.36999989 1.000000
38602353.91754150 3347092.34851074 7.36700010 1.000000
38602353.72253418 3347092.32653809 7.37300014 1.000000
38602353.55554199 3347092.30651855 7.37099981 1.000000
38602353.23452759 3347092.26953125 7.37400007 1.000000
38602353.09353638 3347092.25354004 7.37300014 1.000000
38602352.04855347 3347092.13250732 7.38000011 1.000000
38602354.08853149 3347092.27050781 7.38100004 1.000000
38602352.96154785 3347092.13952637 7.37599993 1.000000
38602352.70755005 3347092.11053467 7.37599993 1.000000
38602352.47055054 3347092.08349609 7.37900019 1.000000
38602352.25253296 3347092.05749512 7.38299990 1.000000
38602353.75854492 3347092.13751221 7.36899996 1.000000
38602353.57452393 3347092.11651611 7.37400007 1.000000
38602353.26052856 3347092.08050537 7.37500000 1.000000
38602353.12054443 3347092.06353760 7.37300014 1.000000
38602351.63940430 3347104.25677490 7.53200006 1.000000
38602350.89639282 3347104.11578369 7.51499987 1.000000
38602350.66940308 3347104.06677246 7.51300001 1.000000
38602352.27340698 3347104.30474854 7.53200006 1.000000
38602352.10137939 3347104.25976563 7.53399992 1.000000
38602351.52438354 3347104.13879395 7.52699995 1.000000
38602351.26440430 3347104.08575439 7.52299976 1.000000
38602351.13839722 3347104.05780029 7.52199984 1.000000
38602351.96337891 3347104.13677979 7.53200006 1.000000
38602351.66839600 3347104.06976318 7.53000021 1.000000
38602350.91839600 3347103.92175293 7.51599979 1.000000
38602350.69140625 3347103.87280273 7.51399994 1.000000
38602353.19140625 3347104.31079102 7.54199982 1.000000
38602352.29040527 3347104.11279297 7.53399992 1.000000
38602352.13040161 3347104.07775879 7.53299999 1.000000
38602351.54537964 3347103.94976807 7.52799988 1.000000
38602351.29638672 3347103.90777588 7.51999998 1.000000
38602351.04940796 3347103.85577393 7.51700020 1.000000
38602353.61938477 3347104.30377197 7.54500008 1.000000
38602352.82440186 3347104.13275146 7.53700018 1.000000
38602352.63638306 3347104.08575439 7.53800011 1.000000
38602352.47439575 3347104.05676270 7.53399992 1.000000
38602351.84738159 3347103.92175293 7.52799988 1.000000
38602351.70440674 3347103.89080811 7.52600002 1.000000
38602350.95239258 3347103.74176025 7.51200008 1.000000
38602350.71740723 3347103.68280029 7.51399994 1.000000
38602354.33139038 3347104.35180664 7.55200005 1.000000
38602354.09838867 3347104.30676270 7.54699993 1.000000
38602353.86437988 3347104.25579834 7.54500008 1.000000
38602353.02038574 3347104.06677246 7.53999996 1.000000
38602352.32238770 3347103.91876221 7.53200006 1.000000
38602352.15939331 3347103.88079834 7.53200006 1.000000
38602351.45138550 3347103.73376465 7.52199984 1.000000
38602351.32339478 3347103.70776367 7.51999998 1.000000
38602351.07638550 3347103.65478516 7.51700020 1.000000
38602353.63739014 3347104.09179688 7.54799986 1.000000
38602352.84738159 3347103.92376709 7.53900003 1.000000
38602352.67538452 3347103.88977051 7.53499985 1.000000
38602352.50738525 3347103.85577393 7.53200006 1.000000
38602351.87738037 3347103.71777344 7.52699995 1.000000
38602351.72439575 3347103.67779541 7.52899981 1.000000
38602350.86239624 3347103.50677490 7.51300001 1.000000
38602350.74340820 3347103.47375488 7.51499987 1.000000
38602354.34539795 3347104.14379883 7.55499983 1.000000
38602354.11538696 3347104.10076904 7.54899979 1.000000
38602353.88040161 3347104.04876709 7.54699993 1.000000
38602353.24139404 3347103.90875244 7.54199982 1.000000
38602353.03738403 3347103.85876465 7.54300022 1.000000
38602352.34240723 3347103.71276855 7.53399992 1.000000
38602352.03439331 3347103.64880371 7.53000021 1.000000
38602351.47140503 3347103.52575684 7.52400017 1.000000
38602351.35137939 3347103.50878906 7.51900005 1.000000
38602351.10540771 3347103.45678711 7.51599979 1.000000
38602354.61538696 3347104.10778809 7.55600023 1.000000
38602353.66540527 3347103.90380859 7.54600000 1.000000
38602353.45138550 3347103.85577393 7.54500008 1.000000
38602352.86840820 3347103.72979736 7.53900003 1.000000
38602352.69338989 3347103.69378662 7.53599977 1.000000
38602352.53140259 3347103.66479492 7.53200006 1.000000
38602351.89239502 3347103.51879883 7.53000021 1.000000
38602351.76138306 3347103.49780273 7.52400017 1.000000
38602350.88540649 3347103.31378174 7.51300001 1.000000
38602350.66439819 3347103.26379395 7.51200008 1.000000
38602354.37338257 3347103.96075439 7.55299997 1.000000
38602354.14038086 3347103.91680908 7.54799986 1.000000
38602353.90640259 3347103.86480713 7.54600000 1.000000
38602353.26739502 3347103.72479248 7.54099989 1.000000
38602353.06140137 3347103.67376709 7.54199982 1.000000
38602352.36740112 3347103.52777100 7.53299999 1.000000
38602352.06539917 3347103.46875000 7.52699995 1.000000
38602351.25140381 3347103.29577637 7.51700020 1.000000
38602351.13439941 3347103.27575684 7.51399994 1.000000
38602354.64739990 3347103.92279053 7.55299997 1.000000
38602353.69039917 3347103.71478271 7.54500008 1.000000
38602353.48739624 3347103.67480469 7.54099989 1.000000
38602352.90939331 3347103.55279541 7.53399992 1.000000
38602352.71838379 3347103.50378418 7.53599977 1.000000
38602352.56039429 3347103.47875977 7.53000021 1.000000
38602351.93240356 3347103.34179688 7.52400017 1.000000
38602351.65737915 3347103.28680420 7.51900005 1.000000
38602351.52438354 3347103.25878906 7.51800013 1.000000
38602350.91738892 3347103.12976074 7.51000023 1.000000
38602350.69338989 3347103.07775879 7.51000023 1.000000
38602354.17037964 3347103.71978760 7.54699993 1.000000
38602353.93338013 3347103.66577148 7.54500008 1.000000
38602353.29739380 3347103.52880859 7.53900003 1.000000
38602353.09939575 3347103.48376465 7.53800011 1.000000
38602352.24539185 3347103.30175781 7.52799988 1.000000
38602352.09338379 3347103.26977539 7.52600002 1.000000
38602351.53439331 3347103.15179443 7.51999998 1.000000
38602351.28039551 3347103.09777832 7.51700020 1.000000
38602351.16839600 3347103.08178711 7.51100016 1.000000
38602354.67340088 3347103.71777344 7.55399990 1.000000
38602354.41339111 3347103.65979004 7.55200005 1.000000
38602353.72637939 3347103.51580811 7.54300022 1.000000
38602353.50939941 3347103.46679688 7.54199982 1.000000
38602352.93038940 3347103.34277344 7.53599977 1.000000
38602352.76239014 3347103.31378174 7.53100014 1.000000
38602352.57940674 3347103.26580811 7.53299999 1.000000
38602351.95938110 3347103.13580322 7.52500010 1.000000
38602351.68038940 3347103.07775879 7.52099991 1.000000
38602350.94540405 3347102.92376709 7.51100016 1.000000
38602350.72637939 3347102.87780762 7.50799990 1.000000
38602354.19039917 3347103.51477051 7.54799986 1.000000
38602353.32138062 3347103.32580566 7.53999996 1.000000
38602353.13739014 3347103.29278564 7.53499985 1.000000
38602352.27539063 3347103.10479736 7.52699995 1.000000
38602352.12039185 3347103.07080078 7.52600002 1.000000
38602351.31939697 3347102.90979004 7.51200008 1.000000
38602351.08038330 3347102.85980225 7.50899982 1.000000
38602354.69140625 3347103.52276611 7.55499983 1.000000
38602354.44738770 3347103.47576904 7.55000019 1.000000
38602353.74639893 3347103.32177734 7.54400015 1.000000
38602353.53338623 3347103.27478027 7.54199982 1.000000
38602352.45339966 3347103.05175781 7.52699995 1.000000
38602351.84140015 3347102.91278076 7.52400017 1.000000
38602351.70639038 3347102.88677979 7.52099991 1.000000
38602351.46337891 3347102.84979248 7.51100016 1.000000
38602350.86740112 3347102.71875000 7.50600004 1.000000
38602350.75738525 3347102.69378662 7.50600004 1.000000
38602353.98638916 3347103.28179932 7.54400015 1.000000
38602353.35040283 3347103.14379883 7.53800011 1.000000
38602353.15139771 3347103.09777832 7.53700018 1.000000
38602352.29638672 3347102.91577148 7.52799988 1.000000
38602352.15438843 3347102.89178467 7.52299976 1.000000
38602351.34039307 3347102.71978760 7.51300001 1.000000
38602351.10739136 3347102.67480469 7.50799990 1.000000
38602354.69439697 3347103.31774902 7.55800009 1.000000
38602354.45938110 3347103.27575684 7.55100012 1.000000
38602353.54440308 3347103.07379150 7.54500008 1.000000
38602352.46838379 3347102.85180664 7.52899981 1.000000
38602351.85839844 3347102.71478271 7.52600002 1.000000
38602351.73440552 3347102.69775391 7.51900005 1.000000
38602351.48040771 3347102.64978027 7.51399994 1.000000
38602350.89340210 3347102.52679443 7.50600004 1.000000
38602353.99340820 3347103.06579590 7.54699993 1.000000
38602353.36437988 3347102.93176270 7.53999996 1.000000
38602353.17340088 3347102.89178467 7.53700018 1.000000
38602352.47338867 3347102.73980713 7.53100014 1.000000
38602352.31738281 3347102.70678711 7.52799988 1.000000
38602352.16940308 3347102.67877197 7.52500010 1.000000
38602351.48538208 3347102.53576660 7.51599979 1.000000
38602351.24139404 3347102.48480225 7.51300001 1.000000
38602351.12338257 3347102.45977783 7.51200008 1.000000
38602354.72238159 3347103.10980225 7.55499983 1.000000
38602354.47738647 3347103.06176758 7.55000019 1.000000
38602353.57739258 3347102.86975098 7.54099989 1.000000
38602352.83139038 3347102.71478271 7.53000021 1.000000
38602352.65240479 3347102.67175293 7.53100014 1.000000
38602351.87838745 3347102.49877930 7.52600002 1.000000
38602351.75439453 3347102.48077393 7.51999998 1.000000
38602350.91439819 3347102.30877686 7.50699997 1.000000
38602354.25140381 3347102.91375732 7.54600000 1.000000
38602354.01937866 3347102.86279297 7.54400015 1.000000
38602353.37738037 3347102.71875000 7.53999996 1.000000
38602353.19540405 3347102.68676758 7.53599977 1.000000
38602352.50238037 3347102.53979492 7.52699995 1.000000
38602352.34439087 3347102.50579834 7.52600002 1.000000
38602352.05139160 3347102.44775391 7.51999998 1.000000
38602351.51840210 3347102.33978271 7.51200008 1.000000
38602351.27038574 3347102.28479004 7.51000023 1.000000
38602351.15139771 3347102.25878906 7.50899982 1.000000
38602354.75839233 3347102.92675781 7.55000019 1.000000
38602354.50140381 3347102.87078857 7.54799986 1.000000
38602353.81439209 3347102.72576904 7.53999996 1.000000
38602352.84738159 3347102.51776123 7.53000021 1.000000
38602352.68939209 3347102.49078369 7.52500010 1.000000
38602351.91940308 3347102.32177734 7.51900005 1.000000
38602351.65640259 3347102.27075195 7.51399994 1.000000
38602350.94839478 3347102.12780762 7.50199986 1.000000
38602354.27838135 3347102.73077393 7.54400015 1.000000
38602354.05239868 3347102.68475342 7.53999996 1.000000
38602353.22039795 3347102.50177002 7.53399992 1.000000
38602353.04537964 3347102.46978760 7.52899981 1.000000
38602352.22140503 3347102.29180908 7.52199984 1.000000
38602352.06738281 3347102.25378418 7.52199984 1.000000
38602351.54339600 3347102.15380859 7.51100016 1.000000
38602351.30139160 3347102.10577393 7.50600004 1.000000
38602351.06539917 3347102.05078125 7.50600004 1.000000
38602354.53439331 3347102.68676758 7.54500008 1.000000
38602353.84640503 3347102.54077148 7.53700018 1.000000
38602353.62939453 3347102.49078369 7.53700018 1.000000
38602352.87939453 3347102.33276367 7.52799988 1.000000
38602352.70840454 3347102.29577637 7.52600002 1.000000
38602352.54739380 3347102.26379395 7.52400017 1.000000
38602351.94940186 3347102.13677979 7.51700020 1.000000
38602351.68838501 3347102.08776855 7.51100016 1.000000
38602350.86340332 3347101.91180420 7.50199986 1.000000
38602354.29940796 3347102.53277588 7.54300022 1.000000
38602354.07739258 3347102.48876953 7.53900003 1.000000
38602353.24639893 3347102.30578613 7.53299999 1.000000
38602353.05538940 3347102.26177979 7.53299999 1.000000
38602352.24838257 3347102.09777832 7.51999998 1.000000
38602352.08837891 3347102.05377197 7.52299976 1.000000
38602351.44638062 3347101.93280029 7.50799990 1.000000
38602351.32138062 3347101.90380859 7.50799990 1.000000
38602351.09240723 3347101.85675049 7.50500011 1.000000
38602354.54840088 3347102.47875977 7.54500008 1.000000
38602353.86138916 3347102.33276367 7.53800011 1.000000
38602353.64437866 3347102.28277588 7.53800011 1.000000
38602352.89840698 3347102.12677002 7.52799988 1.000000
38602352.72439575 3347102.08679199 7.52699995 1.000000
38602352.57138062 3347102.06079102 7.52299976 1.000000
38602351.83239746 3347101.89978027 7.51599979 1.000000
38602351.70339966 3347101.87579346 7.51300001 1.000000
38602350.88839722 3347101.70880127 7.50099993 1.000000
38602354.31939697 3347102.32379150 7.54300022 1.000000
38602354.08639526 3347102.27276611 7.54099989 1.000000
38602353.27038574 3347102.10076904 7.53200006 1.000000
38602353.09039307 3347102.06475830 7.52899981 1.000000
38602352.42340088 3347101.92175293 7.52199984 1.000000
38602352.26739502 3347101.88677979 7.52099991 1.000000
38602352.12738037 3347101.85980225 7.51800013 1.000000
38602351.46740723 3347101.72277832 7.50899982 1.000000
38602351.35238647 3347101.70275879 7.50600004 1.000000
38602351.12338257 3347101.65679932 7.50199986 1.000000
38602354.81338501 3347102.32476807 7.54899979 1.000000
38602354.57040405 3347102.27679443 7.54500008 1.000000
38602353.87539673 3347102.12579346 7.53900003 1.000000
38602353.66439819 3347102.07879639 7.53800011 1.000000
38602353.48138428 3347102.04876709 7.53100014 1.000000
38602352.93438721 3347101.93579102 7.52400017 1.000000
38602352.76638794 3347101.90179443 7.52099991 1.000000
38602351.86840820 3347101.71075439 7.51200008 1.000000
38602351.74240112 3347101.68878174 7.50799990 1.000000
38602350.91339111 3347101.50677490 7.50199986 1.000000
38602354.35440063 3347102.14276123 7.53900003 1.000000
38602354.11938477 3347102.09075928 7.53800011 1.000000
38602353.30740356 3347101.92175293 7.52699995 1.000000
38602353.12139893 3347101.87976074 7.52600002 1.000000
38602352.30438232 3347101.70776367 7.51700020 1.000000
38602352.16040039 3347101.67974854 7.51399994 1.000000
38602351.26840210 3347101.49780273 7.50099993 1.000000
38602351.15438843 3347101.47375488 7.50000000 1.000000
38602354.60137939 3347102.09875488 7.54300022 1.000000
38602353.70938110 3347101.91076660 7.53299999 1.000000
38602353.51937866 3347101.87677002 7.52799988 1.000000
38602352.63739014 3347101.69274902 7.51700020 1.000000
38602352.47738647 3347101.65679932 7.51599979 1.000000
38602351.90838623 3347101.54180908 7.50699997 1.000000
38602351.64938354 3347101.48876953 7.50299978 1.000000
38602351.52539063 3347101.46380615 7.50199986 1.000000
38602350.84240723 3347101.31079102 7.49800014 1.000000
38602354.86840820 3347102.05877686 7.54600000 1.000000
38602354.39437866 3347101.96679688 7.53700018 1.000000
38602354.17340088 3347101.92376709 7.53200006 1.000000
38602353.94338989 3347101.86975098 7.53299999 1.000000
38602353.33837891 3347101.73876953 7.52699995 1.000000
38602353.15838623 3347101.70275879 7.52400017 1.000000
38602352.34640503 3347101.53680420 7.51300001 1.000000
38602352.05938721 3347101.47680664 7.50899982 1.000000
38602351.30538940 3347101.32275391 7.49800014 1.000000
38602351.08139038 3347101.27679443 7.49499989 1.000000
38602354.63238525 3347101.90576172 7.54400015 1.000000
38602353.74340820 3347101.72076416 7.53299999 1.000000
38602353.55538940 3347101.68780518 7.52699995 1.000000
38602352.82638550 3347101.52978516 7.52099991 1.000000
38602352.66638184 3347101.49780273 7.51800013 1.000000
38602352.51440430 3347101.46875000 7.51499987 1.000000
38602351.93438721 3347101.34375000 7.51000023 1.000000
38602351.67440796 3347101.29077148 7.50600004 1.000000
38602351.54638672 3347101.25976563 7.50600004 1.000000
38602350.87640381 3347101.12176514 7.49700022 1.000000
38602354.89938354 3347101.85876465 7.54699993 1.000000
38602354.18939209 3347101.71380615 7.53700018 1.000000
38602353.96438599 3347101.66278076 7.53599977 1.000000
38602353.37438965 3347101.54376221 7.52699995 1.000000
38602353.18939209 3347101.50378418 7.52500010 1.000000
38602352.23040771 3347101.30676270 7.51200008 1.000000
38602352.08837891 3347101.27575684 7.51100016 1.000000
38602351.34140015 3347101.12878418 7.49700022 1.000000
38602351.11538696 3347101.08074951 7.49399996 1.000000
38602354.66140747 3347101.71075439 7.54500008 1.000000
38602354.20339966 3347101.61975098 7.53700018 1.000000
38602353.77438354 3347101.52777100 7.53299999 1.000000
38602353.56039429 3347101.47479248 7.53399992 1.000000
38602352.85940552 3347101.33776855 7.52099991 1.000000
38602352.68939209 3347101.29779053 7.52099991 1.000000
38602352.53140259 3347101.26379395 7.51999998 1.000000
38602351.95639038 3347101.14276123 7.51300001 1.000000
38602351.70639038 3347101.09875488 7.50600004 1.000000
38602351.46337891 3347101.04980469 7.50199986 1.000000
38602350.91040039 3347100.93377686 7.49499989 1.000000
38602354.92037964 3347101.66979980 7.54799986 1.000000
38602354.21337891 3347101.52679443 7.53700018 1.000000
38602353.22238159 3347101.32379150 7.52400017 1.000000
38602353.03439331 3347101.27679443 7.52500010 1.000000
38602352.25640869 3347101.11975098 7.51300001 1.000000
38602352.10440063 3347101.07879639 7.51499987 1.000000
38602351.25039673 3347100.91479492 7.49800014 1.000000
38602351.13839722 3347100.89080811 7.49700022 1.000000
38602354.69338989 3347101.53277588 7.54199982 1.000000
38602354.45239258 3347101.48175049 7.53999996 1.000000
38602353.41638184 3347101.26776123 7.52600002 1.000000
38602352.71539307 3347101.11480713 7.52099991 1.000000
38602352.56240845 3347101.08575439 7.51800013 1.000000
38602351.73739624 3347100.92175293 7.50400019 1.000000
38602351.49539185 3347100.87280273 7.50000000 1.000000
38602354.95840454 3347101.49078369 7.54500008 1.000000
38602354.02639771 3347101.29675293 7.53299999 1.000000
38602353.82238770 3347101.25677490 7.53000021 1.000000
38602353.24438477 3347101.13275146 7.52400017 1.000000
38602353.07440186 3347101.10076904 7.51999998 1.000000
38602352.89739990 3347101.05877686 7.52099991 1.000000
38602352.29739380 3347100.94580078 7.50799990 1.000000
38602352.14840698 3347100.90875244 7.50799990 1.000000
38602351.87438965 3347100.84777832 7.50699997 1.000000
38602351.28140259 3347100.73278809 7.49499989 1.000000
38602351.05838013 3347100.68176270 7.49499989 1.000000
38602350.95339966 3347100.65979004 7.49399996 1.000000
38602354.73739624 3347101.34777832 7.53800011 1.000000
38602354.49740601 3347101.29675293 7.53499985 1.000000
38602354.26937866 3347101.24975586 7.53200006 1.000000
38602353.64239502 3347101.11676025 7.52600002 1.000000
38602353.44039917 3347101.06878662 7.52600002 1.000000
38602352.76138306 3347100.93377686 7.51499987 1.000000
38602352.45040894 3347100.86779785 7.51200008 1.000000
38602351.64138794 3347100.69775391 7.50199986 1.000000
38602351.53338623 3347100.68579102 7.49599981 1.000000
38602354.99340820 3347101.29180908 7.54400015 1.000000
38602354.05038452 3347101.09075928 7.53499985 1.000000
38602353.85040283 3347101.05279541 7.53000021 1.000000
38602353.27438354 3347100.93078613 7.52400017 1.000000
38602353.11038208 3347100.90380859 7.51900005 1.000000
38602352.93139648 3347100.86077881 7.51999998 1.000000
38602352.32540894 3347100.74176025 7.50899982 1.000000
38602352.04238892 3347100.67877197 7.50699997 1.000000
38602351.90539551 3347100.64678955 7.50699997 1.000000
38602351.31439209 3347100.53375244 7.49499989 1.000000
38602351.09140015 3347100.48278809 7.49399996 1.000000
38602354.75738525 3347101.14178467 7.54099989 1.000000
38602354.52438354 3347101.09680176 7.53700018 1.000000
38602354.30438232 3347101.05474854 7.53200006 1.000000
38602353.67239380 3347100.91876221 7.52699995 1.000000
38602353.47839355 3347100.87677002 7.52500010 1.000000
38602352.62939453 3347100.69879150 7.51499987 1.000000
38602352.47738647 3347100.66577148 7.51399994 1.000000
38602351.67938232 3347100.50775146 7.50000000 1.000000
38602351.56439209 3347100.48980713 7.49599981 1.000000
38602355.03140259 3347101.10980225 7.54199982 1.000000
38602354.10238647 3347100.91979980 7.52899981 1.000000
38602353.88540649 3347100.86975098 7.52899981 1.000000
38602353.13739014 3347100.71380615 7.51999998 1.000000
38602352.96539307 3347100.67675781 7.51900005 1.000000
38602352.35339355 3347100.55279541 7.50899982 1.000000
38602352.07739258 3347100.49676514 7.50500011 1.000000
38602351.94439697 3347100.46875000 7.50400019 1.000000
38602351.23339844 3347100.32379150 7.49300003 1.000000
38602351.12738037 3347100.30279541 7.49200010 1.000000
38602354.57138062 3347100.92877197 7.53299999 1.000000
38602354.33837891 3347100.87878418 7.53100014 1.000000
38602353.70840454 3347100.74475098 7.52500010 1.000000
38602353.50939941 3347100.69775391 7.52500010 1.000000
38602353.33038330 3347100.66375732 7.52199984 1.000000
38602352.66738892 3347100.52679443 7.51300001 1.000000
38602352.51138306 3347100.49176025 7.51200008 1.000000
38602351.70538330 3347100.32580566 7.50099993 1.000000
38602351.47238159 3347100.28179932 7.49599981 1.000000
38602355.05740356 3347100.92376709 7.54300022 1.000000
38602354.80740356 3347100.87176514 7.53999996 1.000000
38602354.11239624 3347100.72076416 7.53399992 1.000000
38602353.91540527 3347100.68579102 7.52899981 1.000000
38602353.16940308 3347100.53179932 7.51900005 1.000000
38602352.83340454 3347100.45977783 7.51599979 1.000000
38602352.10440063 3347100.31079102 7.50600004 1.000000
38602351.84738159 3347100.25878906 7.50199986 1.000000
38602351.26840210 3347100.14575195 7.49100018 1.000000
38602351.04940796 3347100.09375000 7.49100018 1.000000
38602354.58938599 3347100.72576904 7.53499985 1.000000
38602354.35638428 3347100.67480469 7.53399992 1.000000
38602353.72738647 3347100.54077148 7.52699995 1.000000
38602353.53540039 3347100.49975586 7.52600002 1.000000
38602353.35339355 3347100.46276855 7.52299976 1.000000
38602352.68838501 3347100.32379150 7.51499987 1.000000
38602352.54238892 3347100.29675293 7.51200008 1.000000
38602352.26440430 3347100.24676514 7.50500011 1.000000
38602351.73440552 3347100.12976074 7.50099993 1.000000
38602351.50238037 3347100.08575439 7.49599981 1.000000
38602355.08239746 3347100.72076416 7.54300022 1.000000
38602354.82540894 3347100.66479492 7.54099989 1.000000
38602354.15240479 3347100.52978516 7.53100014 1.000000
38602353.93838501 3347100.48175049 7.53000021 1.000000
38602353.03140259 3347100.29876709 7.51599979 1.000000
38602352.86239624 3347100.25976563 7.51599979 1.000000
38602352.27239990 3347100.14080811 7.50699997 1.000000
38602352.13140869 3347100.10876465 7.50600004 1.000000
38602351.87738037 3347100.06079102 7.50099993 1.000000
38602351.29339600 3347099.94079590 7.49300003 1.000000
38602351.07739258 3347099.89276123 7.49200010 1.000000
38602354.39038086 3347100.48577881 7.53100014 1.000000
38602353.74938965 3347100.34277344 7.52799988 1.000000
38602353.56039429 3347100.30377197 7.52600002 1.000000
38602353.37438965 3347100.26379395 7.52400017 1.000000
38602352.72140503 3347100.13476563 7.51300001 1.000000
38602352.56539917 3347100.09875488 7.51300001 1.000000
38602351.65139771 3347099.92077637 7.49599981 1.000000
38602351.53640747 3347099.89880371 7.49399996 1.000000
38602355.12139893 3347100.54479980 7.53900003 1.000000
38602354.86538696 3347100.48876953 7.53700018 1.000000
38602354.64038086 3347100.44879150 7.53100014 1.000000
38602354.41339111 3347100.40179443 7.52899981 1.000000
38602353.97940063 3347100.30780029 7.52500010 1.000000
38602353.05340576 3347100.11077881 7.51700020 1.000000
38602352.90139771 3347100.08575439 7.51200008 1.000000
38602352.03640747 3347099.90576172 7.50099993 1.000000
38602351.90338135 3347099.87475586 7.50099993 1.000000
38602351.10940552 3347099.71478271 7.48999977 1.000000
38602354.42340088 3347100.30877686 7.52899981 1.000000
38602354.20639038 3347100.26379395 7.52699995 1.000000
38602353.41940308 3347100.09680176 7.51900005 1.000000
38602353.25140381 3347100.06677246 7.51499987 1.000000
38602352.75039673 3347099.95477295 7.51200008 1.000000
38602352.46539307 3347099.90478516 7.50500011 1.000000
38602352.31939697 3347099.87176514 7.50400019 1.000000
38602351.44540405 3347099.68975830 7.49399996 1.000000
38602351.34039307 3347099.67279053 7.48999977 1.000000
38602354.90838623 3347100.31378174 7.53399992 1.000000
38602354.67138672 3347100.26477051 7.53100014 1.000000
38602354.02438354 3347100.13476563 7.52199984 1.000000
38602353.81338501 3347100.08477783 7.52199984 1.000000
38602353.61840820 3347100.04180908 7.52099991 1.000000
38602353.08538818 3347099.92779541 7.51599979 1.000000
38602352.92840576 3347099.89880371 7.51200008 1.000000
38602352.06140137 3347099.71777344 7.50299978 1.000000
38602351.93640137 3347099.69378662 7.50000000 1.000000
38602351.70040894 3347099.65277100 7.49300003 1.000000
38602351.14138794 3347099.53277588 7.48799992 1.000000
38602355.17138672 3347100.26879883 7.53800011 1.000000
38602354.45840454 3347100.12377930 7.52899981 1.000000
38602354.23440552 3347100.07379150 7.52799988 1.000000
38602353.45440674 3347099.91180420 7.51800013 1.000000
38602353.28140259 3347099.87780762 7.51499987 1.000000
38602352.49740601 3347099.71777344 7.50400019 1.000000
38602352.35440063 3347099.68780518 7.50299978 1.000000
38602351.48538208 3347099.51177979 7.48999977 1.000000
38602351.26138306 3347099.46075439 7.48999977 1.000000
38602354.93740845 3347100.11779785 7.53599977 1.000000
38602354.71740723 3347100.08178711 7.52799988 1.000000
38602354.04440308 3347099.93280029 7.52500010 1.000000
38602353.84039307 3347099.88775635 7.52400017 1.000000
38602353.65939331 3347099.85479736 7.51900005 1.000000
38602353.12240601 3347099.73980713 7.51499987 1.000000
38602352.96438599 3347099.70977783 7.51100016 1.000000
38602352.66339111 3347099.65277100 7.50500011 1.000000
38602352.09640503 3347099.52777100 7.50099993 1.000000
38602351.84240723 3347099.47375488 7.49900007 1.000000
38602351.72839355 3347099.45574951 7.49499989 1.000000
38602351.07739258 3347099.32580566 7.48400021 1.000000
38602355.20040894 3347100.06878662 7.53900003 1.000000
38602354.50439453 3347099.93579102 7.52500010 1.000000
38602354.28140259 3347099.88677979 7.52400017 1.000000
38602353.48440552 3347099.71380615 7.51800013 1.000000
38602353.31140137 3347099.67974854 7.51599979 1.000000
38602352.66839600 3347099.54479980 7.50799990 1.000000
38602352.53738403 3347099.52880859 7.50099993 1.000000
38602352.25439453 3347099.46679688 7.50000000 1.000000
38602351.51440430 3347099.31176758 7.49100018 1.000000
38602351.30038452 3347099.27178955 7.48600006 1.000000
38602354.96337891 3347099.92175293 7.53599977 1.000000
38602354.73840332 3347099.88275146 7.53000021 1.000000
38602354.06838989 3347099.73480225 7.52600002 1.000000
38602353.86340332 3347099.68878174 7.52500010 1.000000
38602353.67739868 3347099.65277100 7.52199984 1.000000
38602353.15338135 3347099.54675293 7.51399994 1.000000
38602352.82839966 3347099.47576904 7.51200008 1.000000
38602352.13140869 3347099.34075928 7.49900007 1.000000
38602351.87838745 3347099.28778076 7.49599981 1.000000
38602351.75939941 3347099.26379395 7.49399996 1.000000
38602351.10040283 3347099.12579346 7.48600006 1.000000
38602355.21640015 3347099.87677002 7.53999996 1.000000
38602354.51840210 3347099.74078369 7.52799988 1.000000
38602354.29440308 3347099.69177246 7.52600002 1.000000
38602353.50238037 3347099.52075195 7.51999998 1.000000
38602353.32839966 3347099.48577881 7.51800013 1.000000
38602352.54739380 3347099.32678223 7.50600004 1.000000
38602352.27838135 3347099.27880859 7.50000000 1.000000
38602351.65438843 3347099.14880371 7.49200010 1.000000
38602351.54040527 3347099.12579346 7.49100018 1.000000
38602351.32040405 3347099.07775879 7.48899984 1.000000
38602354.98239136 3347099.73577881 7.53599977 1.000000
38602354.75238037 3347099.69274902 7.53100014 1.000000
38602353.89239502 3347099.50976563 7.52299976 1.000000
38602353.69738770 3347099.46679688 7.52199984 1.000000
38602352.85137939 3347099.29180908 7.51100016 1.000000
38602352.70538330 3347099.26477051 7.50799990 1.000000
38602352.14639282 3347099.14776611 7.50199986 1.000000
38602351.90240479 3347099.10375977 7.49499989 1.000000
38602351.12438965 3347098.94079590 7.48600006 1.000000
38602355.24438477 3347099.69177246 7.53800011 1.000000
38602354.53939819 3347099.55078125 7.52699995 1.000000
38602354.30938721 3347099.49578857 7.52799988 1.000000
38602354.11138916 3347099.46075439 7.52299976 1.000000
38602353.52838135 3347099.33380127 7.51900005 1.000000
38602353.35440063 3347099.29779053 7.51599979 1.000000
38602353.18438721 3347099.26275635 7.51399994 1.000000
38602352.43539429 3347099.11279297 7.50199986 1.000000
38602352.29638672 3347099.08380127 7.50099993 1.000000
38602351.45538330 3347098.91375732 7.48899984 1.000000
38602351.34539795 3347098.88879395 7.48799992 1.000000
38602354.78439331 3347099.49877930 7.52899981 1.000000
38602353.91839600 3347099.31176758 7.52199984 1.000000
38602353.72839355 3347099.27276611 7.51900005 1.000000
38602353.05239868 3347099.14178467 7.50699997 1.000000
38602352.88839722 3347099.10278320 7.50699997 1.000000
38602352.74139404 3347099.07580566 7.50400019 1.000000
38602352.05139160 3347098.92877197 7.49700022 1.000000
38602351.93438721 3347098.90979004 7.49300003 1.000000
38602351.69738770 3347098.86175537 7.48999977 1.000000
38602355.28939819 3347099.50280762 7.53399992 1.000000
38602355.02838135 3347099.44274902 7.53299999 1.000000
38602354.79739380 3347099.39880371 7.52799988 1.000000
38602354.57540894 3347099.35577393 7.52400017 1.000000
38602354.34338379 3347099.30078125 7.52500010 1.000000
38602354.14437866 3347099.26379395 7.51999998 1.000000
38602353.57440186 3347099.14776611 7.51300001 1.000000
38602353.23440552 3347099.08074951 7.50699997 1.000000
38602352.47039795 3347098.91876221 7.49900007 1.000000
38602352.34039307 3347098.89776611 7.49499989 1.000000
38602351.48440552 3347098.71276855 7.48799992 1.000000
38602351.27838135 3347098.67675781 7.48199987 1.000000
38602354.81240845 3347099.30377197 7.52799988 1.000000
38602353.95840454 3347099.12579346 7.51800013 1.000000
38602353.76440430 3347099.08380127 7.51700020 1.000000
38602352.91839600 3347098.90979004 7.50600004 1.000000
38602352.76739502 3347098.87878418 7.50400019 1.000000
38602352.08639526 3347098.74078369 7.49399996 1.000000
38602351.84439087 3347098.69274902 7.48999977 1.000000
38602351.72940063 3347098.67077637 7.48799992 1.000000
38602355.30838013 3347099.30877686 7.53499985 1.000000
38602355.07040405 3347099.26580811 7.53000021 1.000000
38602354.38238525 3347099.12078857 7.52199984 1.000000
38602354.16839600 3347099.07379150 7.52099991 1.000000
38602353.42138672 3347098.91876221 7.51200008 1.000000
38602353.25039673 3347098.88275146 7.51000023 1.000000
38602353.10040283 3347098.86077881 7.50400019 1.000000
38602352.50238037 3347098.73675537 7.49700022 1.000000
38602352.36239624 3347098.70379639 7.49700022 1.000000
38602351.51840210 3347098.53277588 7.48500013 1.000000
38602351.30139160 3347098.48278809 7.48400021 1.000000
38602354.84039307 3347099.11975098 7.52799988 1.000000
38602354.61138916 3347099.07177734 7.52500010 1.000000
38602353.98538208 3347098.94079590 7.51800013 1.000000
38602353.78439331 3347098.89379883 7.51900005 1.000000
38602352.93939209 3347098.71875000 7.50799990 1.000000
38602352.65438843 3347098.66979980 7.50000000 1.000000
38602351.87139893 3347098.50775146 7.48999977 1.000000
38602351.75738525 3347098.48779297 7.48699999 1.000000
38602355.32238770 3347099.11175537 7.53800011 1.000000
38602355.08139038 3347099.06579590 7.53299999 1.000000
38602354.40039063 3347098.92578125 7.52400017 1.000000
38602354.18740845 3347098.87780762 7.52299976 1.000000
38602353.44238281 3347098.72576904 7.51300001 1.000000
38602353.29040527 3347098.70574951 7.50600004 1.000000
38602353.11340332 3347098.65979004 7.50799990 1.000000
38602352.52639771 3347098.54376221 7.49800014 1.000000
38602352.25439453 3347098.48577881 7.49599981 1.000000
38602352.12640381 3347098.45880127 7.49399996 1.000000
38602351.54238892 3347098.33978271 7.48600006 1.000000
38602351.32440186 3347098.28875732 7.48600006 1.000000
38602354.85739136 3347098.91680908 7.52899981 1.000000
38602354.63238525 3347098.87078857 7.52500010 1.000000
38602353.80538940 3347098.69177246 7.51900005 1.000000
38602353.62838745 3347098.65875244 7.51499987 1.000000
38602352.97238159 3347098.52880859 7.50500011 1.000000
38602352.67739868 3347098.46875000 7.50000000 1.000000
38602352.13940430 3347098.35675049 7.49399996 1.000000
38602351.90438843 3347098.31677246 7.48699999 1.000000
38602351.67037964 3347098.26580811 7.48500013 1.000000
38602355.36340332 3347098.92175293 7.53299999 1.000000
38602355.11740112 3347098.87176514 7.52899981 1.000000
38602354.43438721 3347098.73077393 7.52099991 1.000000
38602354.23239136 3347098.69274902 7.51700020 1.000000
38602354.02539063 3347098.64477539 7.51700020 1.000000
38602353.47338867 3347098.52880859 7.51100016 1.000000
38602353.31439209 3347098.50177002 7.50600004 1.000000
38602353.15539551 3347098.47277832 7.50199986 1.000000
38602352.55838013 3347098.34777832 7.49499989 1.000000
38602352.29040527 3347098.29376221 7.49100018 1.000000
38602351.46640015 3347098.12176514 7.48199987 1.000000
38602351.25738525 3347098.07580566 7.48099995 1.000000
38602354.89840698 3347098.73278809 7.52400017 1.000000
38602354.67239380 3347098.68579102 7.52099991 1.000000
38602353.85339355 3347098.51477051 7.51200008 1.000000
38602353.66638184 3347098.47375488 7.51100016 1.000000
38602352.85238647 3347098.30578613 7.50000000 1.000000
38602352.71337891 3347098.28277588 7.49599981 1.000000
38602351.93240356 3347098.12280273 7.48600006 1.000000
38602351.70239258 3347098.07580566 7.48199987 1.000000
38602355.39038086 3347098.73675537 7.53100014 1.000000
38602355.14437866 3347098.68676758 7.52799988 1.000000
38602354.24539185 3347098.49676514 7.51900005 1.000000
38602354.05538940 3347098.46179199 7.51399994 1.000000
38602353.33438110 3347098.31176758 7.50600004 1.000000
38602353.17440796 3347098.27978516 7.50400019 1.000000
38602352.44338989 3347098.12976074 7.49399996 1.000000
38602352.31439209 3347098.10577393 7.49100018 1.000000
38602352.06240845 3347098.05474854 7.48799992 1.000000
38602351.48840332 3347097.93078613 7.48299980 1.000000
38602351.28338623 3347097.88977051 7.48000002 1.000000
38602355.41140747 3347098.65075684 7.53000021 1.000000
38602354.70739746 3347098.51080322 7.51800013 1.000000
38602354.48239136 3347098.46075439 7.51800013 1.000000
38602353.87838745 3347098.33178711 7.51200008 1.000000
38602353.70239258 3347098.29980469 7.50799990 1.000000
38602353.51840210 3347098.25677490 7.50799990 1.000000
38602352.88339233 3347098.12780762 7.49900007 1.000000
38602352.73937988 3347098.09979248 7.49599981 1.000000
38602351.84539795 3347097.92077637 7.48199987 1.000000
38602351.73138428 3347097.89678955 7.48099995 1.000000
38602355.17938232 3347098.50579834 7.52600002 1.000000
38602354.93240356 3347098.45080566 7.52500010 1.000000
38602354.27938843 3347098.31475830 7.51700020 1.000000
38602354.08438110 3347098.27679443 7.51399994 1.000000
38602353.37039185 3347098.13177490 7.50400019 1.000000
38602353.04138184 3347098.05780029 7.50299978 1.000000
38602352.47238159 3347097.94378662 7.49300003 1.000000
38602352.34140015 3347097.91876221 7.49100018 1.000000
38602352.09140015 3347097.86779785 7.48699999 1.000000
38602351.52139282 3347097.74975586 7.48000002 1.000000
38602351.31140137 3347097.70275879 7.47900009 1.000000
38602355.44738770 3347098.45880127 7.52799988 1.000000
38602354.73937988 3347098.31774902 7.51700020 1.000000
38602354.50939941 3347098.26275635 7.51800013 1.000000
38602353.92037964 3347098.14678955 7.50799990 1.000000
38602353.72637939 3347098.09979248 7.50899982 1.000000
38602353.55438232 3347098.06579590 7.50600004 1.000000
38602352.91638184 3347097.93676758 7.49700022 1.000000
38602352.63638306 3347097.88378906 7.49100018 1.000000
38602351.86938477 3347097.71875000 7.48400021 1.000000
38602351.65139771 3347097.67974854 7.47800016 1.000000
38602355.19439697 3347098.29675293 7.52799988 1.000000
38602354.95440674 3347098.24578857 7.52500010 1.000000
38602354.30538940 3347098.11279297 7.51700020 1.000000
38602354.11038208 3347098.07476807 7.51300001 1.000000
38602353.55538940 3347097.95574951 7.50799990 1.000000
38602353.23538208 3347097.89776611 7.50099993 1.000000
38602353.06838989 3347097.85675049 7.50199986 1.000000
38602352.49539185 3347097.73876953 7.49399996 1.000000
38602352.23739624 3347097.68676758 7.48999977 1.000000
38602352.11938477 3347097.66778564 7.48600006 1.000000
38602351.44638062 3347097.52880859 7.47800016 1.000000
38602351.34338379 3347097.50677490 7.47700024 1.000000
38602355.46139526 3347098.25579834 7.52899981 1.000000
38602354.74539185 3347098.10675049 7.52099991 1.000000
38602354.52340698 3347098.05877686 7.51900005 1.000000
38602353.92739868 3347097.93579102 7.51200008 1.000000
38602353.72940063 3347097.88476563 7.51399994 1.000000
38602352.93838501 3347097.73675537 7.49700022 1.000000
38602352.65039063 3347097.67675781 7.49399996 1.000000
38602351.88839722 3347097.51580811 7.48600006 1.000000
38602351.67340088 3347097.47875977 7.47900009 1.000000
38602355.20938110 3347098.10479736 7.52899981 1.000000
38602354.98040771 3347098.06280518 7.52400017 1.000000
38602354.31838989 3347097.91876221 7.51900005 1.000000
38602354.11639404 3347097.87579346 7.51800013 1.000000
38602353.24438477 3347097.69976807 7.50500011 1.000000
38602353.09140015 3347097.66979980 7.50199986 1.000000
38602352.26040649 3347097.49975586 7.49100018 1.000000
38602352.13940430 3347097.47680664 7.48799992 1.000000
38602351.26538086 3347097.29577637 7.47800016 1.000000
38602355.48040771 3347098.07275391 7.52899981 1.000000
38602354.99838257 3347097.97576904 7.52199984 1.000000
38602354.76739502 3347097.92578125 7.51999998 1.000000
38602354.55038452 3347097.88079834 7.51800013 1.000000
38602353.76339722 3347097.71276855 7.51000023 1.000000
38602353.42739868 3347097.64880371 7.50400019 1.000000
38602352.95938110 3347097.55377197 7.49700022 1.000000
38602352.67840576 3347097.49975586 7.49200010 1.000000
38602352.54138184 3347097.47180176 7.48999977 1.000000
38602351.92440796 3347097.34777832 7.48099995 1.000000
38602351.69638062 3347097.29675293 7.48000002 1.000000
38602351.48538208 3347097.25476074 7.47599983 1.000000
38602355.24539185 3347097.92675781 7.52500010 1.000000
38602355.01040649 3347097.87976074 7.52099991 1.000000
38602354.34939575 3347097.73779297 7.51599979 1.000000
38602354.15939331 3347097.70379639 7.51100016 1.000000
38602353.96438599 3347097.65979004 7.51000023 1.000000
38602353.27438354 3347097.51678467 7.50199986 1.000000
38602353.12640381 3347097.49176025 7.49800014 1.000000
38602352.29940796 3347097.32678223 7.48500013 1.000000
38602352.05038452 3347097.27178955 7.48299980 1.000000
38602351.29638672 3347097.11480713 7.47399998 1.000000
38602355.51840210 3347097.89080811 7.52600002 1.000000
38602354.59039307 3347097.70080566 7.51399994 1.000000
38602353.62939453 3347097.49877930 7.50400019 1.000000
38602353.46640015 3347097.46978760 7.50000000 1.000000
38602352.70739746 3347097.31176758 7.49100018 1.000000
38602352.57440186 3347097.28680420 7.48799992 1.000000
38602351.72738647 3347097.11175537 7.47800016 1.000000
38602351.51538086 3347097.06774902 7.47499990 1.000000
38602355.05740356 3347097.69976807 7.51800013 1.000000
38602354.83740234 3347097.65777588 7.51300001 1.000000
38602354.61340332 3347097.60778809 7.51200008 1.000000
38602354.20239258 3347097.52075195 7.50799990 1.000000
38602354.02038574 3347097.48876953 7.50400019 1.000000
38602353.83438110 3347097.44879150 7.50199986 1.000000
38602353.32440186 3347097.34179688 7.49599981 1.000000
38602353.17138672 3347097.31280518 7.49300003 1.000000
38602352.88140869 3347097.25878906 7.48699999 1.000000
38602352.32940674 3347097.13476563 7.48500013 1.000000
38602352.08538818 3347097.08477783 7.48199987 1.000000
38602351.86239624 3347097.04577637 7.47499990 1.000000
38602351.33639526 3347096.93579102 7.46899986 1.000000
38602355.56240845 3347097.70379639 7.52500010 1.000000
38602355.31140137 3347097.65179443 7.52199984 1.000000
38602354.62240601 3347097.50579834 7.51499987 1.000000
38602354.42639160 3347097.47180176 7.50899982 1.000000
38602353.66638184 3347097.30877686 7.50299978 1.000000
38602353.50338745 3347097.27880859 7.49900007 1.000000
38602352.74539185 3347097.12280273 7.48899984 1.000000
38602352.47238159 3347097.06378174 7.48699999 1.000000
38602351.86938477 3347096.93975830 7.47900009 1.000000
38602351.65737915 3347096.90179443 7.47399998 1.000000
38602351.54940796 3347096.87579346 7.47399998 1.000000
38602355.10339355 3347097.51977539 7.51599979 1.000000
38602354.87640381 3347097.47375488 7.51300001 1.000000
38602354.23538208 3347097.33276367 7.50899982 1.000000
38602354.04339600 3347097.29180908 7.50699997 1.000000
38602353.86840820 3347097.26080322 7.50299978 1.000000
38602353.04138184 3347097.08276367 7.49599981 1.000000
38602352.90240479 3347097.05975342 7.49100018 1.000000
38602352.23840332 3347096.92175293 7.48299980 1.000000
38602352.12240601 3347096.90179443 7.48000002 1.000000
38602355.58740234 3347097.51977539 7.52600002 1.000000
38602355.33639526 3347097.46777344 7.52299976 1.000000
38602354.65438843 3347097.32775879 7.51499987 1.000000
38602354.45440674 3347097.29077148 7.51000023 1.000000
38602353.69738770 3347097.13079834 7.50299978 1.000000
38602353.52639771 3347097.09375000 7.50099993 1.000000
38602353.35638428 3347097.05377197 7.50099993 1.000000
38602352.63339233 3347096.91076660 7.48899984 1.000000
38602352.49938965 3347096.88177490 7.48799992 1.000000
38602351.68240356 3347096.71679688 7.47599983 1.000000
38602351.47540283 3347096.67376709 7.47300005 1.000000
38602355.60238647 3347097.43078613 7.52600002 1.000000
38602355.11340332 3347097.32977295 7.51999998 1.000000
38602354.88739014 3347097.28479004 7.51599979 1.000000
38602354.06338501 3347097.10876465 7.50899982 1.000000
38602353.89038086 3347097.07879639 7.50400019 1.000000
38602353.22238159 3347096.93975830 7.49599981 1.000000
38602353.07238770 3347096.90979004 7.49399996 1.000000
38602352.92538452 3347096.87878418 7.49200010 1.000000
38602352.26638794 3347096.74475098 7.48299980 1.000000
38602352.14437866 3347096.71875000 7.48199987 1.000000
38602351.91339111 3347096.67077637 7.47900009 1.000000
38602355.61639404 3347097.33575439 7.52500010 1.000000
38602355.36138916 3347097.28076172 7.52299976 1.000000
38602354.68038940 3347097.14178467 7.51399994 1.000000
38602354.46939087 3347097.09576416 7.51200008 1.000000
38602354.27938843 3347097.06280518 7.50699997 1.000000
38602353.72039795 3347096.94177246 7.50299978 1.000000
38602353.54840088 3347096.90380859 7.50199986 1.000000
38602352.65737915 3347096.72180176 7.48999977 1.000000
38602352.52938843 3347096.69879150 7.48600006 1.000000
38602351.70239258 3347096.52276611 7.47900009 1.000000
38602351.49938965 3347096.48376465 7.47499990 1.000000
38602355.15139771 3347097.14080811 7.51499987 1.000000
38602354.91638184 3347097.08880615 7.51399994 1.000000
38602354.08538818 3347096.90777588 7.50899982 1.000000
38602353.90838623 3347096.87475586 7.50500011 1.000000
38602353.24438477 3347096.73779297 7.49700022 1.000000
38602353.09738159 3347096.70977783 7.49300003 1.000000
38602352.96139526 3347096.68878174 7.48799992 1.000000
38602352.29537964 3347096.54980469 7.48099995 1.000000
38602352.05838013 3347096.50079346 7.47800016 1.000000
38602351.94439697 3347096.47680664 7.47700024 1.000000
38602355.62939453 3347097.12475586 7.52600002 1.000000
38602355.38638306 3347097.07879639 7.52199984 1.000000
38602354.71240234 3347096.94378662 7.51100016 1.000000
38602354.49539185 3347096.89477539 7.51100016 1.000000
38602354.29638672 3347096.85278320 7.50899982 1.000000
38602353.74740601 3347096.73980713 7.50199986 1.000000
38602353.58038330 3347096.70574951 7.49900007 1.000000
38602352.68438721 3347096.52075195 7.48899984 1.000000
38602352.54940796 3347096.49078369 7.48799992 1.000000
38602351.72940063 3347096.32080078 7.47900009 1.000000
38602351.52639771 3347096.28076172 7.47499990 1.000000
38602355.18539429 3347096.95275879 7.51200008 1.000000
38602354.94439697 3347096.89678955 7.51200008 1.000000
38602354.12039185 3347096.72076416 7.50500011 1.000000
38602353.94540405 3347096.68975830 7.50099993 1.000000
38602353.13040161 3347096.52276611 7.48999977 1.000000
38602352.85540771 3347096.47375488 7.48299980 1.000000
38602352.08438110 3347096.30578613 7.47800016 1.000000
38602351.86437988 3347096.26477051 7.47300005 1.000000
38602355.43539429 3347096.91180420 7.51499987 1.000000
38602355.20938110 3347096.87176514 7.51000023 1.000000
38602354.73840332 3347096.76177979 7.51000023 1.000000
38602354.53939819 3347096.72479248 7.50600004 1.000000
38602354.34039307 3347096.68475342 7.50299978 1.000000
38602353.44738770 3347096.49279785 7.49599981 1.000000
38602353.29638672 3347096.46679688 7.49200010 1.000000
38602352.72140503 3347096.34777832 7.48500013 1.000000
38602352.45339966 3347096.28680420 7.48400021 1.000000
38602352.33639526 3347096.26879883 7.48000002 1.000000
38602351.66540527 3347096.13275146 7.46999979 1.000000
38602351.46240234 3347096.08880615 7.46899986 1.000000
38602355.69540405 3347096.87078857 7.51999998 1.000000
38602354.98840332 3347096.73077393 7.50799990 1.000000
38602354.16140747 3347096.55377197 7.50099993 1.000000
38602353.97637939 3347096.51379395 7.50000000 1.000000
38602353.62939453 3347096.44177246 7.49599981 1.000000
38602353.02639771 3347096.32775879 7.48400021 1.000000
38602352.89239502 3347096.30578613 7.47900009 1.000000
38602352.12240601 3347096.13977051 7.47300005 1.000000
38602351.90139771 3347096.09777832 7.46899986 1.000000
38602355.46539307 3347096.73077393 7.51599979 1.000000
38602355.23138428 3347096.68475342 7.51200008 1.000000
38602355.00338745 3347096.63775635 7.50899982 1.000000
38602354.57138062 3347096.54577637 7.50500011 1.000000
38602354.37039185 3347096.50280762 7.50299978 1.000000
38602353.48040771 3347096.31475830 7.49399996 1.000000
38602353.32540894 3347096.28375244 7.49200010 1.000000
38602352.49240112 3347096.11480713 7.48099995 1.000000
38602352.36239624 3347096.08380127 7.48099995 1.000000
38602351.68640137 3347095.94079590 7.47399998 1.000000
38602351.48937988 3347095.90478516 7.46899986 1.000000
38602355.73040771 3347096.68280029 7.51900005 1.000000
38602354.79238892 3347096.48876953 7.50899982 1.000000
38602354.00738525 3347096.32379150 7.50000000 1.000000
38602353.83340454 3347096.28979492 7.49700022 1.000000
38602353.66238403 3347096.25280762 7.49599981 1.000000
38602353.05740356 3347096.13775635 7.48400021 1.000000
38602352.91439819 3347096.10778809 7.48199987 1.000000
38602352.76937866 3347096.07177734 7.48400021 1.000000
38602352.14739990 3347095.94378662 7.47499990 1.000000
38602351.92840576 3347095.90277100 7.47100019 1.000000
38602355.50039673 3347096.53979492 7.51499987 1.000000
38602355.26440430 3347096.49279785 7.51100016 1.000000
38602355.03540039 3347096.44476318 7.50799990 1.000000
38602354.41238403 3347096.31774902 7.50000000 1.000000
38602354.20440674 3347096.26477051 7.50199986 1.000000
38602353.51440430 3347096.12377930 7.49300003 1.000000
38602353.36038208 3347096.09375000 7.48999977 1.000000
38602352.51937866 3347095.91778564 7.48199987 1.000000
38602352.27438354 3347095.86676025 7.47800016 1.000000
38602351.52838135 3347095.72180176 7.46500015 1.000000
38602355.75540161 3347096.49176025 7.51999998 1.000000
38602354.80938721 3347096.29077148 7.51100016 1.000000
38602354.61138916 3347096.25579834 7.50600004 1.000000
38602354.03839111 3347096.13775635 7.49900007 1.000000
38602353.85739136 3347096.09680176 7.49800014 1.000000
38602353.69439697 3347096.06677246 7.49399996 1.000000
38602353.07540894 3347095.93878174 7.48699999 1.000000
38602352.94039917 3347095.91577148 7.48299980 1.000000
38602352.66238403 3347095.85180664 7.48299980 1.000000
38602352.05139160 3347095.71875000 7.47800016 1.000000
38602351.94839478 3347095.70574951 7.47300005 1.000000
38602351.73040771 3347095.65478516 7.47300005 1.000000
38602355.28338623 3347096.30676270 7.51100016 1.000000
38602355.05438232 3347096.25878906 7.50899982 1.000000
38602354.42639160 3347096.12780762 7.50199986 1.000000
38602354.23638916 3347096.08880615 7.50000000 1.000000
38602353.52740479 3347095.93176270 7.49599981 1.000000
38602353.23239136 3347095.87976074 7.48899984 1.000000
38602352.54638672 3347095.73779297 7.48000002 1.000000
38602352.29840088 3347095.68377686 7.47900009 1.000000
38602355.77938843 3347096.31280518 7.51800013 1.000000
38602355.53839111 3347096.26879883 7.51300001 1.000000
38602354.84140015 3347096.11779785 7.50799990 1.000000
38602354.63739014 3347096.07775879 7.50400019 1.000000
38602353.87738037 3347095.91479492 7.49800014 1.000000
38602353.71038818 3347095.88177490 7.49599981 1.000000
38602352.95339966 3347095.72680664 7.48600006 1.000000
38602352.68038940 3347095.66680908 7.48400021 1.000000
38602351.86239624 3347095.49975586 7.47300005 1.000000
38602351.75839233 3347095.47979736 7.47200012 1.000000
38602355.80838013 3347096.23077393 7.51499987 1.000000
38602355.33239746 3347096.13977051 7.50600004 1.000000
38602355.10638428 3347096.09478760 7.50199986 1.000000
38602354.27038574 3347095.91180420 7.49700022 1.000000
38602354.07739258 3347095.86676025 7.49800014 1.000000
38602353.41638184 3347095.73376465 7.48799992 1.000000
38602353.27539063 3347095.71179199 7.48299980 1.000000
38602353.12240601 3347095.67578125 7.48299980 1.000000
38602352.46038818 3347095.54077148 7.47399998 1.000000
38602352.33740234 3347095.51379395 7.47399998 1.000000
38602352.10940552 3347095.46875000 7.46999979 1.000000
38602355.58837891 3347096.09179688 7.50799990 1.000000
38602354.89038086 3347095.94177246 7.50299978 1.000000
38602354.67340088 3347095.89276123 7.50199986 1.000000
38602354.47637939 3347095.85278320 7.49900007 1.000000
38602353.91439819 3347095.73077393 7.49599981 1.000000
38602353.74938965 3347095.69879150 7.49200010 1.000000
38602352.86740112 3347095.52777100 7.47700024 1.000000
38602352.72140503 3347095.48779297 7.48000002 1.000000
38602351.90438843 3347095.32379150 7.46799994 1.000000
38602351.69439697 3347095.27777100 7.46600008 1.000000
38602355.85137939 3347096.04577637 7.51200008 1.000000
38602355.36437988 3347095.94775391 7.50500011 1.000000
38602355.14038086 3347095.90380859 7.50199986 1.000000
38602354.31140137 3347095.72778320 7.49399996 1.000000
38602354.12039185 3347095.68377686 7.49399996 1.000000
38602353.29440308 3347095.50775146 7.48600006 1.000000
38602353.16040039 3347095.48980713 7.48000002 1.000000
38602352.24838257 3347095.29479980 7.47300005 1.000000
38602352.13839722 3347095.27478027 7.46999979 1.000000
38602355.85739136 3347095.94677734 7.51300001 1.000000
38602355.61437988 3347095.90075684 7.50899982 1.000000
38602354.71139526 3347095.71075439 7.50000000 1.000000
38602354.50039673 3347095.66076660 7.50099993 1.000000
38602353.94839478 3347095.54577637 7.49399996 1.000000
38602353.78140259 3347095.51379395 7.49100018 1.000000
38602353.46337891 3347095.44879150 7.48699999 1.000000
38602352.88839722 3347095.33178711 7.47900009 1.000000
38602352.75939941 3347095.30780029 7.47599983 1.000000
38602352.50439453 3347095.25378418 7.47399998 1.000000
38602351.92639160 3347095.12780762 7.46999979 1.000000
38602351.72439575 3347095.09075928 7.46600008 1.000000
38602355.15438843 3347095.71380615 7.50400019 1.000000
38602354.92239380 3347095.65875244 7.50500011 1.000000
38602354.32339478 3347095.53479004 7.49800014 1.000000
38602354.14340210 3347095.50079346 7.49499989 1.000000
38602353.31738281 3347095.32476807 7.48699999 1.000000
38602353.04840088 3347095.28277588 7.47700024 1.000000
38602352.27340698 3347095.11279297 7.47300005 1.000000
38602352.15838623 3347095.08679199 7.47300005 1.000000
38602355.61639404 3347095.70880127 7.51300001 1.000000
38602355.37640381 3347095.65875244 7.51000023 1.000000
38602354.72140503 3347095.52276611 7.50299978 1.000000
38602354.51538086 3347095.47576904 7.50299978 1.000000
38602353.63839722 3347095.29876709 7.49100018 1.000000
38602353.48239136 3347095.26678467 7.48899984 1.000000
38602352.90438843 3347095.14678955 7.48199987 1.000000
38602352.64340210 3347095.09277344 7.47900009 1.000000
38602352.51739502 3347095.06475830 7.47900009 1.000000
38602351.84838867 3347094.93078613 7.46899986 1.000000
38602351.74740601 3347094.91076660 7.46700001 1.000000
38602355.85940552 3347095.65277100 7.51900005 1.000000
38602355.15438843 3347095.51275635 7.50799990 1.000000
38602354.93438721 3347095.46679688 7.50600004 1.000000
38602354.32638550 3347095.33477783 7.50199986 1.000000
38602354.14840698 3347095.30078125 7.49900007 1.000000
38602353.97238159 3347095.26477051 7.49700022 1.000000
38602353.33538818 3347095.13476563 7.48899984 1.000000
38602353.05139160 3347095.07879639 7.48400021 1.000000
38602352.29739380 3347094.92779541 7.47300005 1.000000
38602352.07040405 3347094.87780762 7.47200012 1.000000
38602355.85940552 3347095.55175781 7.51999998 1.000000
38602355.62240601 3347095.50976563 7.51399994 1.000000
38602355.39138794 3347095.46575928 7.51000023 1.000000
38602354.72940063 3347095.32379150 7.50500011 1.000000
38602354.53640747 3347095.28778076 7.50099993 1.000000
38602353.65737915 3347095.10675049 7.49100018 1.000000
38602353.50140381 3347095.07580566 7.48899984 1.000000
38602352.92340088 3347094.95477295 7.48299980 1.000000
38602352.65939331 3347094.89678955 7.48099995 1.000000
38602352.54537964 3347094.88079834 7.47599983 1.000000
38602351.87139893 3347094.74279785 7.46899986 1.000000
38602351.67239380 3347094.70275879 7.46500015 1.000000
38602355.41839600 3347095.37475586 7.50600004 1.000000
38602355.19238281 3347095.32879639 7.50299978 1.000000
38602354.97338867 3347095.28375244 7.50099993 1.000000
38602354.36437988 3347095.15179443 7.49700022 1.000000
38602354.00640869 3347095.07879639 7.49300003 1.000000
38602353.84039307 3347095.04675293 7.48999977 1.000000
38602353.22439575 3347094.91979980 7.48199987 1.000000
38602353.08239746 3347094.89080811 7.48099995 1.000000
38602352.33239746 3347094.74377441 7.46899986 1.000000
38602352.10540771 3347094.69476318 7.46700001 1.000000
38602354.78640747 3347095.14880371 7.49599981 1.000000
38602354.58639526 3347095.10675049 7.49399996 1.000000
38602353.70138550 3347094.92376709 7.48500013 1.000000
38602353.54940796 3347094.89575195 7.48099995 1.000000
38602352.70339966 3347094.71478271 7.47499990 1.000000
38602352.46740723 3347094.67376709 7.46799994 1.000000
38602351.70440674 3347094.50976563 7.46299982 1.000000
38602354.81939697 3347095.06677246 7.49200010 1.000000
38602354.04440308 3347094.89379883 7.48999977 1.000000
38602353.88140869 3347094.86376953 7.48600006 1.000000
38602353.12640381 3347094.71276855 7.47499990 1.000000
38602352.85137939 3347094.65179443 7.47399998 1.000000
38602352.24938965 3347094.52978516 7.46600008 1.000000
38602352.14437866 3347094.51379395 7.46299982 1.000000
38602351.92340088 3347094.45977783 7.46400023 1.000000
38602354.63140869 3347094.93579102 7.48999977 1.000000
38602354.43740845 3347094.89477539 7.48799992 1.000000
38602354.24838257 3347094.85278320 7.48799992 1.000000
38602353.73739624 3347094.74676514 7.48299980 1.000000
38602353.43038940 3347094.68579102 7.47800016 1.000000
38602353.28738403 3347094.65875244 7.47499990 1.000000
38602352.74139404 3347094.54077148 7.47100019 1.000000
38602352.50039673 3347094.49578857 7.46700001 1.000000
38602351.74038696 3347094.33575439 7.45900011 1.000000
38602354.07739258 3347094.71978760 7.48799992 1.000000
38602353.90338135 3347094.67974854 7.48799992 1.000000
38602353.15438843 3347094.53375244 7.47499990 1.000000
38602352.88540649 3347094.47875977 7.47200012 1.000000
38602352.06140137 3347094.30975342 7.46199989 1.000000
38602351.95440674 3347094.28479004 7.46199989 1.000000
38602354.26339722 3347094.65777588 7.49100018 1.000000
38602353.44238281 3347094.48675537 7.48299980 1.000000
38602353.30239868 3347094.46179199 7.47900009 1.000000
38602352.63739014 3347094.32379150 7.47200012 1.000000
38602352.51138306 3347094.29376221 7.47200012 1.000000
38602352.28540039 3347094.25177002 7.46799994 1.000000
38602353.92538452 3347094.48077393 7.48899984 1.000000
38602353.76138306 3347094.44677734 7.48699999 1.000000
38602353.03939819 3347094.30474854 7.47499990 1.000000
38602352.89639282 3347094.26776123 7.47700024 1.000000
38602352.07839966 3347094.10180664 7.46600008 1.000000
38602351.87139893 3347094.05780029 7.46400023 1.000000
38602353.61340332 3347094.31176758 7.48600006 1.000000
38602353.47140503 3347094.28875732 7.48099995 1.000000
38602353.32540894 3347094.25878906 7.47900009 1.000000
38602352.66040039 3347094.12078857 7.47200012 1.000000
38602352.53540039 3347094.08978271 7.47300005 1.000000
38602352.31140137 3347094.05078125 7.46700001 1.000000
38602353.45440674 3347094.16680908 7.48899984 1.000000
38602353.05340576 3347094.09979248 7.47700024 1.000000
38602352.91738892 3347094.06878662 7.47700024 1.000000
38602352.10540771 3347093.90875244 7.46400023 1.000000
38602351.90039063 3347093.86779785 7.46099997 1.000000
38602353.34640503 3347094.07177734 7.47900009 1.000000
38602352.68838501 3347093.93975830 7.46999979 1.000000
38602352.44839478 3347093.88775635 7.46799994 1.000000
38602352.33038330 3347093.85980225 7.46799994 1.000000
38602354.72439575 3347094.27880859 7.48500013 1.000000
38602354.57440186 3347094.27276611 7.47200012 1.000000
38602354.21838379 3347094.20379639 7.46600008 1.000000
38602353.94940186 3347094.08477783 7.49300003 1.000000
38602353.08837891 3347093.93078613 7.47200012 1.000000
38602352.94839478 3347093.89477539 7.47399998 1.000000
38602352.12939453 3347093.72778320 7.46400023 1.000000
38602351.92239380 3347093.68475342 7.46099997 1.000000
38602354.98739624 3347094.26379395 7.47499990 1.000000
38602354.52239990 3347094.12579346 7.48899984 1.000000
38602354.34140015 3347094.09075928 7.48699999 1.000000
38602354.15737915 3347094.04779053 7.48699999 1.000000
38602353.52038574 3347093.91876221 7.47900009 1.000000
38602353.24240112 3347093.86779785 7.47200012 1.000000
38602352.48239136 3347093.71075439 7.46400023 1.000000
38602352.36340332 3347093.68176270 7.46400023 1.000000
38602354.93740845 3347094.11578369 7.49100018 1.000000
38602354.73538208 3347094.07275391 7.48999977 1.000000
38602354.01440430 3347093.92279053 7.48199987 1.000000
38602353.85339355 3347093.89178467 7.47900009 1.000000
38602353.69439697 3347093.85778809 7.47800016 1.000000
38602353.11639404 3347093.73577881 7.47200012 1.000000
38602352.85638428 3347093.68280029 7.46899986 1.000000
38602352.72839355 3347093.65380859 7.46899986 1.000000
38602352.06140137 3347093.52178955 7.45800018 1.000000
38602351.85540771 3347093.47479248 7.45800018 1.000000
38602354.56039429 3347093.93780518 7.48699999 1.000000
38602354.37539673 3347093.89880371 7.48500013 1.000000
38602353.55838013 3347093.73077393 7.47599983 1.000000
38602353.27239990 3347093.67279053 7.47200012 1.000000
38602352.51538086 3347093.51879883 7.46199989 1.000000
38602352.28540039 3347093.46575928 7.46199989 1.000000
38602354.04040527 3347093.73077393 7.48299980 1.000000
38602353.88540649 3347093.70477295 7.47800016 1.000000
38602353.71838379 3347093.66375732 7.47900009 1.000000
38602353.14639282 3347093.54779053 7.47100019 1.000000
38602352.88140869 3347093.48980713 7.46999979 1.000000
38602352.75939941 3347093.46575928 7.46799994 1.000000
38602352.08639526 3347093.32775879 7.45900011 1.000000
38602351.88638306 3347093.28778076 7.45699978 1.000000
38602354.83639526 3347093.83978271 7.47499990 1.000000
38602354.57440186 3347093.74676514 7.49100018 1.000000
38602354.22338867 3347093.67877197 7.48500013 1.000000
38602353.43539429 3347093.51580811 7.47599983 1.000000
38602353.29040527 3347093.48278809 7.47499990 1.000000
38602352.53439331 3347093.32879639 7.46500015 1.000000
38602352.31039429 3347093.28179932 7.46299982 1.000000
38602354.79840088 3347093.71075439 7.48699999 1.000000
38602353.89639282 3347093.51379395 7.48199987 1.000000
38602353.74139404 3347093.48278809 7.48000002 1.000000
38602353.03640747 3347093.33880615 7.47100019 1.000000
38602352.90539551 3347093.30975342 7.46999979 1.000000
38602352.66540527 3347093.26379395 7.46600008 1.000000
38602352.10940552 3347093.14575195 7.46099997 1.000000
38602351.90640259 3347093.10278320 7.45900011 1.000000
38602354.81039429 3347093.61676025 7.48699999 1.000000
38602354.42440796 3347093.53076172 7.48600006 1.000000
38602354.23937988 3347093.48675537 7.48600006 1.000000
38602354.07940674 3347093.45880127 7.48199987 1.000000
38602353.46438599 3347093.33380127 7.47399998 1.000000
38602353.32138062 3347093.30377197 7.47200012 1.000000
38602352.44839478 3347093.12280273 7.46199989 1.000000
38602352.33740234 3347093.09875488 7.46099997 1.000000
38602355.28540039 3347093.63879395 7.47900009 1.000000
38602355.07638550 3347093.59576416 7.47599983 1.000000
38602354.87939453 3347093.55877686 7.47300005 1.000000
38602354.61740112 3347093.46380615 7.48899984 1.000000
38602353.92739868 3347093.32177734 7.48099995 1.000000
38602353.77239990 3347093.29077148 7.47800016 1.000000
38602352.93838501 3347093.11975098 7.46799994 1.000000
38602352.69140625 3347093.06677246 7.46600008 1.000000
38602352.13439941 3347092.94775391 7.46099997 1.000000
38602351.93939209 3347092.91375732 7.45599985 1.000000
38602354.64437866 3347093.37677002 7.48500013 1.000000
38602354.45739746 3347093.33575439 7.48400021 1.000000
38602354.27639771 3347093.29479980 7.48299980 1.000000
38602354.09140015 3347093.24676514 7.48600006 1.000000
38602353.49438477 3347093.13775635 7.47200012 1.000000
38602353.34838867 3347093.10375977 7.47200012 1.000000
38602353.08139038 3347093.04980469 7.46799994 1.000000
38602352.48339844 3347092.93078613 7.45900011 1.000000
38602352.26538086 3347092.88677979 7.45599985 1.000000
38602354.10940552 3347093.15576172 7.48400021 1.000000
38602353.95739746 3347093.13177490 7.47900009 1.000000
38602353.65338135 3347093.07177734 7.47399998 1.000000
38602352.84039307 3347092.90075684 7.46600008 1.000000
38602352.72637939 3347092.88275146 7.46199989 1.000000
38602353.25238037 3347092.90679932 7.46500015 1.000000
38602353.10940552 3347092.86877441 7.46799994 1.000000
38602352.50640869 3347092.74475098 7.46000004 1.000000
38602352.29040527 3347092.70275879 7.45699978 1.000000
38602352.08340454 3347092.65875244 7.45400000 1.000000
38602353.68240356 3347092.89678955 7.47399998 1.000000
38602353.53237915 3347092.86279297 7.47300005 1.000000
38602352.86840820 3347092.72479248 7.46600008 1.000000
38602352.75338745 3347092.70477295 7.46199989 1.000000
38602353.53540039 3347092.75775146 7.47700024 1.000000
38602353.26937866 3347092.71179199 7.46899986 1.000000
38602353.12640381 3347092.67376709 7.47200012 1.000000
38602352.31039429 3347092.50878906 7.46000004 1.000000
38602352.10540771 3347092.46679688 7.45699978 1.000000
38602354.68740845 3347092.89477539 7.49100018 1.000000
38602353.51440430 3347092.52978516 7.53599977 1.000000
38602352.89038086 3347092.52880859 7.46700001 1.000000
38602352.65838623 3347092.48577881 7.46199989 1.000000
38602352.53540039 3347092.45178223 7.46500015 1.000000
38602354.35040283 3347092.72778320 7.48400021 1.000000
38602354.17840576 3347092.69079590 7.48299980 1.000000
38602353.83340454 3347092.60180664 7.48799992 1.000000
38602353.29739380 3347092.51776123 7.46899986 1.000000
38602353.15240479 3347092.47778320 7.47200012 1.000000
38602352.44238281 3347092.33276367 7.46199989 1.000000
38602352.34039307 3347092.31579590 7.45900011 1.000000
38602352.13140869 3347092.27075195 7.45800018 1.000000
38602355.32440186 3347092.83276367 7.49399996 1.000000
38602354.72738647 3347092.71075439 7.48699999 1.000000
38602354.54138184 3347092.66979980 7.48600006 1.000000
38602353.88439941 3347092.53979492 7.47599983 1.000000
38602353.73339844 3347092.50878906 7.47399998 1.000000
38602352.91940308 3347092.33575439 7.46700001 1.000000
38602352.68539429 3347092.28979492 7.46299982 1.000000
38602355.60638428 3347092.82379150 7.48500013 1.000000
38602355.44738770 3347092.82275391 7.46700001 1.000000
38602355.13339233 3347092.70178223 7.49100018 1.000000
38602354.93438721 3347092.65979004 7.48899984 1.000000
38602354.21337891 3347092.51080322 7.48099995 1.000000
38602354.05639648 3347092.48175049 7.47800016 1.000000
38602353.32238770 3347092.32977295 7.46899986 1.000000
38602353.06439209 3347092.27777100 7.46600008 1.000000
38602352.27239990 3347092.11877441 7.45400000 1.000000
38602352.06439209 3347092.06976318 7.45499992 1.000000
38602356.29739380 3347092.85577393 7.50199986 1.000000
38602356.08239746 3347092.82879639 7.49200010 1.000000
38602355.59539795 3347092.71978760 7.48999977 1.000000
38602355.37838745 3347092.67480469 7.48799992 1.000000
38602354.76937866 3347092.54376221 7.48299980 1.000000
38602354.58038330 3347092.50280762 7.48199987 1.000000
38602353.63040161 3347092.31579590 7.46700001 1.000000
38602353.48840332 3347092.28680420 7.46500015 1.000000
38602352.71539307 3347092.11578369 7.46099997 1.000000
38602352.49639893 3347092.07580566 7.45599985 1.000000
38602356.08038330 3347092.72875977 7.49599981 1.000000
38602355.83740234 3347092.67675781 7.49399996 1.000000
38602355.61639404 3347092.63476563 7.48999977 1.000000
38602355.18640137 3347092.54479980 7.48500013 1.000000
38602354.98138428 3347092.49975586 7.48400021 1.000000
38602354.09640503 3347092.31774902 7.47399998 1.000000
38602353.93539429 3347092.28179932 7.47300005 1.000000
38602353.09539795 3347092.10577393 7.46500015 1.000000
38602352.85940552 3347092.06475830 7.45800018 1.000000
38602356.34039307 3347092.68475342 7.50199986 1.000000
38602355.40838623 3347092.49578857 7.48999977 1.000000
38602355.20138550 3347092.45379639 7.48699999 1.000000
38602354.62438965 3347092.33380127 7.48000002 1.000000
38602354.45040894 3347092.29980469 7.47800016 1.000000
38602354.26739502 3347092.25280762 7.48000002 1.000000
38602353.66040039 3347092.13580322 7.46899986 1.000000
38602353.51440430 3347092.10278320 7.46799994 1.000000
38602356.10339355 3347092.53375244 7.50000000 1.000000
38602355.86639404 3347092.48675537 7.49700022 1.000000
38602355.64840698 3347092.44677734 7.49200010 1.000000
38602355.18438721 3347092.33074951 7.49599981 1.000000
38602354.82138062 3347092.27178955 7.48400021 1.000000
38602356.36639404 3347092.48980713 7.50400019 1.000000
38602355.44439697 3347092.30780029 7.48899984 1.000000
38602355.22238159 3347092.25476074 7.48999977 1.000000
38602356.11740112 3347092.33679199 7.50400019 1.000000
38602355.89739990 3347092.30175781 7.49700022 1.000000
38602355.66238403 3347092.24975586 7.49599981 1.000000
38602356.38540649 3347092.30578613 7.50600004 1.000000
