38602347.45739746 3347005.21881104 9.08300018 5.000000
38602347.46939087 3347005.13977051 9.08300018 5.000000
38602347.44238281 3347005.29180908 8.88199997 5.000000
38602347.46939087 3347005.28979492 8.68799973 5.000000
38602347.46838379 3347005.15277100 8.75300026 5.000000
38602347.47238159 3347005.28076172 8.48999977 5.000000
38602347.47140503 3347005.19677734 8.49100018 5.000000
38602347.48040771 3347005.26776123 8.29800034 5.000000
38602347.45339966 3347005.42578125 8.10099983 5.000000
38602347.48138428 3347005.25781250 8.10400009 5.000000
38602347.47540283 3347005.42578125 7.91200018 5.000000
38602347.48840332 3347005.26379395 7.90899992 5.000000
38602347.48937988 3347005.27777100 7.70800018 5.000000
38602345.49578857 3347012.38323975 12.15400028 5.000000
38602345.34179688 3347012.25524902 11.05500031 5.000000
38602349.18179321 3347009.44824219 15.15499973 5.000000
38602349.36978149 3347009.30023193 13.46199989 5.000000
38602349.42880249 3347009.23223877 13.44200039 5.000000
38602348.80477905 3347008.93127441 12.46300030 5.000000
38602348.83477783 3347008.75024414 12.19299984 5.000000
38602348.92779541 3347008.51727295 12.57800007 5.000000
38602347.69979858 3347008.18225098 11.51200008 5.000000
38602347.82879639 3347008.23321533 15.15999985 5.000000
38602349.46478271 3347008.44226074 11.05099964 5.000000
38602347.46878052 3347008.05126953 11.55900002 5.000000
38602347.33779907 3347008.02624512 11.73200035 5.000000
38602349.59280396 3347008.37322998 11.02900028 5.000000
38602348.89279175 3347008.26324463 14.93900013 5.000000
38602349.47277832 3347008.26824951 11.66399956 5.000000
38602350.32278442 3347008.44921875 13.37199974 5.000000
38602348.70077515 3347008.14123535 15.05099964 5.000000
38602349.70077515 3347008.33624268 14.65400028 5.000000
38602350.40579224 3347008.47326660 14.39799976 5.000000
38602347.21279907 3347007.72723389 10.58600044 5.000000
38602347.83279419 3347007.85125732 10.65699959 5.000000
38602349.39880371 3347008.09027100 11.56400013 5.000000
38602349.41580200 3347008.09625244 11.81000042 5.000000
38602349.45480347 3347008.01324463 11.55399990 5.000000
38602349.50579834 3347008.02423096 11.66499996 5.000000
38602347.84777832 3347007.60021973 10.52000046 5.000000
38602348.07678223 3347007.64721680 10.63099957 5.000000
38602349.33578491 3347007.90026855 11.08699989 5.000000
38602349.50677490 3347007.93927002 11.66800022 5.000000
38602349.21679688 3347007.90826416 14.95300007 5.000000
38602347.79678345 3347007.49725342 10.38899994 5.000000
38602347.97778320 3347007.53826904 11.05900002 5.000000
38602348.92077637 3347007.72625732 11.16600037 5.000000
38602347.98480225 3347007.44726563 10.50800037 5.000000
38602347.76379395 3347007.31726074 10.25300026 5.000000
38602348.18078613 3347007.40124512 10.35200024 5.000000
38602348.36477661 3347007.44024658 10.73299980 5.000000
38602348.26278687 3347007.42126465 10.88099957 5.000000
38602347.94677734 3347007.36022949 11.06700039 5.000000
38602348.76278687 3347007.52221680 11.06799984 5.000000
38602348.18579102 3347007.41021729 11.30300045 5.000000
38602350.33380127 3347007.84222412 12.05399990 5.000000
38602349.08578491 3347007.61822510 14.88899994 5.000000
38602349.28680420 3347007.65826416 14.93500042 5.000000
38602348.35580444 3347007.48126221 15.80300045 5.000000
38602349.59979248 3347007.72326660 15.22399998 5.000000
38602349.55780029 3347007.71722412 15.57100010 5.000000
38602349.80978394 3347007.76727295 15.56999969 5.000000
38602348.15179443 3347007.31823730 10.48999977 5.000000
38602348.13079834 3347007.31524658 10.62899971 5.000000
38602348.24179077 3347007.33825684 10.75000000 5.000000
38602348.28979492 3347007.34924316 11.01299953 5.000000
38602348.57177734 3347007.40722656 11.23400021 5.000000
38602347.22579956 3347007.14624023 11.93099976 5.000000
38602348.91378784 3347007.48522949 12.35700035 5.000000
38602349.16879272 3347007.55627441 14.84899998 5.000000
38602349.98779297 3347007.71624756 14.54800034 5.000000
38602350.07080078 3347007.73321533 14.64700031 5.000000
38602349.33178711 3347007.59124756 15.23200035 5.000000
38602349.63479614 3347007.65325928 15.36699963 5.000000
38602348.88479614 3347007.51025391 16.00799942 5.000000
38602347.70880127 3347007.14227295 10.11699963 5.000000
38602347.38778687 3347007.08325195 10.71899986 5.000000
38602348.48278809 3347007.30126953 10.85000038 5.000000
38602348.47277832 3347007.30126953 11.11900043 5.000000
38602347.95977783 3347007.20727539 12.05700016 5.000000
38602348.11877441 3347007.24023438 12.16100025 5.000000
38602348.24478149 3347007.26623535 12.27099991 5.000000
38602350.10177612 3347007.65222168 14.48999977 5.000000
38602350.73278809 3347007.77722168 14.40900040 5.000000
38602350.87478638 3347007.80523682 14.46199989 5.000000
38602351.06979370 3347007.84423828 14.47900009 5.000000
38602347.82278442 3347007.07824707 10.10999966 5.000000
38602347.69580078 3347007.05426025 10.25899982 5.000000
38602347.81979370 3347007.07922363 10.38799953 5.000000
38602347.54678345 3347007.02825928 10.70100021 5.000000
38602347.39578247 3347006.99926758 10.86400032 5.000000
38602348.49078369 3347007.22027588 11.25100040 5.000000
38602348.39178467 3347007.20123291 11.40499973 5.000000
38602346.81079102 3347006.89123535 11.86800003 5.000000
38602347.64678955 3347007.06121826 12.28499985 5.000000
38602348.28680420 3347007.18823242 12.26200008 5.000000
38602350.82980347 3347007.70922852 14.35999966 5.000000
38602350.87680054 3347007.71923828 14.46899986 5.000000
38602349.55178833 3347007.46527100 15.43299961 5.000000
38602349.69479370 3347007.49322510 15.50399971 5.000000
38602350.39178467 3347007.62927246 15.20899963 5.000000
38602347.72079468 3347006.96221924 10.11800003 5.000000
38602347.52978516 3347006.93023682 10.84799957 5.000000
38602348.53579712 3347007.13226318 11.11200047 5.000000
38602348.39779663 3347007.10626221 11.27099991 5.000000
38602347.29779053 3347006.89721680 12.37800026 5.000000
38602348.03778076 3347007.04327393 12.33300018 5.000000
38602349.68179321 3347007.36724854 12.01500034 5.000000
38602349.89279175 3347007.41021729 12.07900047 5.000000
38602349.57479858 3347007.37426758 15.42700005 5.000000
38602349.51779175 3347007.36425781 15.62600040 5.000000
38602351.23379517 3347007.69622803 14.66600037 5.000000
38602350.69479370 3347007.59423828 15.16800022 5.000000
38602350.21978760 3347007.50323486 15.64599991 5.000000
38602350.93878174 3347007.64526367 15.60400009 5.000000
38602347.59979248 3347006.85125732 10.12800026 5.000000
38602346.97979736 3347006.73223877 10.62300014 5.000000
38602347.22677612 3347006.78222656 10.74300003 5.000000
38602348.52478027 3347007.04125977 10.85000038 5.000000
38602347.25979614 3347006.79223633 11.18200016 5.000000
38602346.36779785 3347006.62023926 11.80399990 5.000000
38602347.24179077 3347006.79522705 11.93700027 5.000000
38602346.93078613 3347006.73522949 12.16100025 5.000000
38602349.56979370 3347007.25823975 12.05099964 5.000000
38602347.89779663 3347006.94427490 14.21899986 5.000000
38602351.02780151 3347007.56524658 14.25899982 5.000000
38602350.77877808 3347007.51824951 14.54500008 5.000000
38602350.73880005 3347007.51226807 14.71100044 5.000000
38602349.71578979 3347007.31524658 15.50800037 5.000000
38602349.71179199 3347007.31622314 15.67399979 5.000000
38602347.04379272 3347006.65826416 10.61800003 5.000000
38602347.61578369 3347006.77325439 10.69799995 5.000000
38602347.60177612 3347006.77124023 10.84300041 5.000000
38602348.33178711 3347006.91723633 11.01599979 5.000000
38602348.46279907 3347006.94525146 11.13000011 5.000000
38602348.44378662 3347006.94226074 11.26799965 5.000000
38602348.00079346 3347006.85626221 11.48999977 5.000000
38602347.04177856 3347006.67224121 12.29500008 5.000000
38602347.21878052 3347006.70825195 12.40600014 5.000000
38602349.65078735 3347007.18823242 12.03299999 5.000000
38602351.56478882 3347007.57324219 12.65499973 5.000000
38602350.74877930 3347007.42425537 14.29399967 5.000000
38602350.94277954 3347007.46325684 14.31700039 5.000000
38602350.54177856 3347007.39624023 15.75800037 5.000000
38602351.30477905 3347007.54626465 15.65499973 5.000000
38602351.18777466 3347007.52526855 15.90499973 5.000000
38602347.55679321 3347006.68322754 10.70699978 5.000000
38602347.48480225 3347006.67022705 10.86100006 5.000000
38602348.38580322 3347006.85522461 11.55500031 5.000000
38602351.56878662 3347007.49426270 12.33100033 5.000000
38602348.45678711 3347006.88726807 13.68599987 5.000000
38602348.68978882 3347006.93725586 14.04300022 5.000000
38602347.06179810 3347006.49822998 10.46899986 5.000000
38602347.33978271 3347006.55627441 10.88099957 5.000000
38602346.51080322 3347006.40026855 11.94400024 5.000000
38602350.93878174 3347007.27923584 11.67599964 5.000000
38602348.60079956 3347006.82922363 13.48400021 5.000000
38602347.78079224 3347006.67126465 14.12199974 5.000000
38602349.63079834 3347007.03625488 13.77200031 5.000000
38602351.35778809 3347007.38024902 13.95699978 5.000000
38602350.71478271 3347007.26025391 14.89400005 5.000000
38602351.02780151 3347007.32824707 15.57600021 5.000000
38602351.12478638 3347007.34826660 15.65699959 5.000000
38602346.93377686 3347006.38421631 10.63399982 5.000000
38602347.30279541 3347006.45825195 10.73999977 5.000000
38602347.58779907 3347006.51727295 10.99400043 5.000000
38602348.49377441 3347006.69726563 10.99600029 5.000000
38602348.55279541 3347006.71026611 11.12100029 5.000000
38602348.92480469 3347006.79022217 11.84500027 5.000000
38602348.34078979 3347006.69323730 14.20899963 5.000000
38602349.60678101 3347006.94226074 13.78899956 5.000000
38602349.73379517 3347006.96722412 13.87199974 5.000000
38602349.95578003 3347007.01824951 14.62300014 5.000000
38602350.28878784 3347007.08825684 15.17500019 5.000000
38602350.62078857 3347007.15423584 15.11100006 5.000000
38602350.17279053 3347007.06927490 15.56400013 5.000000
38602350.78079224 3347007.19122314 15.77000046 5.000000
38602346.89578247 3347006.28625488 10.03400040 5.000000
38602346.83178711 3347006.27624512 10.34200001 5.000000
38602348.25579834 3347006.56121826 10.49100018 5.000000
38602348.38479614 3347006.58825684 10.61100006 5.000000
38602347.43280029 3347006.40124512 11.01900005 5.000000
38602346.82879639 3347006.28326416 11.26099968 5.000000
38602349.01977539 3347006.73925781 13.61999989 5.000000
38602350.74377441 3347007.07727051 13.02799988 5.000000
38602348.41479492 3347006.62426758 14.18200016 5.000000
38602349.46878052 3347006.83026123 13.85799980 5.000000
38602350.12078857 3347006.97222900 15.29100037 5.000000
38602346.53979492 3347006.11926270 9.90299988 5.000000
38602347.02578735 3347006.21826172 10.17700005 5.000000
38602347.81878662 3347006.37823486 10.39999962 5.000000
38602347.80679321 3347006.37927246 10.82499981 5.000000
38602347.19979858 3347006.26025391 11.05599976 5.000000
38602346.78179932 3347006.17926025 11.27200031 5.000000
38602348.26480103 3347006.47326660 11.17500019 5.000000
38602350.49679565 3347006.92926025 12.52200031 5.000000
38602350.26879883 3347006.88525391 12.72900009 5.000000
38602351.06179810 3347007.04223633 12.66300011 5.000000
38602349.12078857 3347006.66424561 13.58500004 5.000000
38602350.74078369 3347006.98126221 13.03600025 5.000000
38602348.45578003 3347006.53723145 14.17099953 5.000000
38602348.67977905 3347006.58227539 14.22599983 5.000000
38602352.00180054 3347007.23522949 13.37800026 5.000000
38602350.21578979 3347006.89721680 15.39599991 5.000000
38602346.36578369 3347006.00024414 10.06999969 5.000000
38602346.80978394 3347006.09124756 10.34799957 5.000000
38602348.18978882 3347006.36627197 10.36600018 5.000000
38602348.10678101 3347006.35125732 10.51099968 5.000000
38602348.16180420 3347006.36322021 10.64200020 5.000000
38602348.14779663 3347006.36322021 10.92000008 5.000000
38602348.57980347 3347006.45025635 11.12399960 5.000000
38602348.61877441 3347006.45922852 11.25199986 5.000000
38602350.51577759 3347006.84826660 12.64200020 5.000000
38602351.03979492 3347006.95324707 12.67800045 5.000000
38602349.05279541 3347006.56726074 13.76500034 5.000000
38602348.77078247 3347006.51525879 14.19099998 5.000000
38602352.29980469 3347007.22723389 15.50899982 5.000000
38602346.48278809 3347005.93823242 10.22099972 5.000000
38602348.29080200 3347006.30023193 10.35799980 5.000000
38602348.41879272 3347006.33026123 10.88300037 5.000000
38602348.54278564 3347006.35626221 11.13399982 5.000000
38602350.72378540 3347006.80224609 12.45100021 5.000000
38602350.91580200 3347006.84326172 12.73400021 5.000000
38602350.72579956 3347006.82623291 15.22900009 5.000000
38602350.92480469 3347006.86627197 15.24400043 5.000000
38602347.87777710 3347006.14227295 10.53899956 5.000000
38602348.29980469 3347006.22827148 10.76500034 5.000000
38602348.38378906 3347006.24523926 10.88899994 5.000000
38602348.31979370 3347006.23425293 11.03499985 5.000000
38602347.79678345 3347006.13226318 11.26200008 5.000000
38602351.24780273 3347006.82226563 11.61100006 5.000000
38602350.69677734 3347006.72027588 12.58399963 5.000000
38602350.65777588 3347006.71527100 12.84099960 5.000000
38602346.97879028 3347005.87426758 10.03400040 5.000000
38602346.49978638 3347005.77923584 10.22000027 5.000000
38602346.76177979 3347005.83325195 10.35400009 5.000000
38602348.06777954 3347006.09527588 10.51900005 5.000000
38602348.14779663 3347006.11322021 10.78600025 5.000000
38602348.22479248 3347006.12927246 10.91399956 5.000000
38602348.09579468 3347006.10626221 11.21300030 5.000000
38602348.21279907 3347006.13024902 11.33199978 5.000000
38602347.43280029 3347005.97723389 11.62399960 5.000000
38602351.47979736 3347006.78222656 11.44600010 5.000000
38602351.39077759 3347006.76525879 11.57499981 5.000000
38602351.34680176 3347006.75921631 11.90699959 5.000000
38602351.13980103 3347006.72027588 12.19600010 5.000000
38602350.93280029 3347006.68225098 12.50000000 5.000000
38602350.63177490 3347006.62322998 12.73400021 5.000000
38602349.30279541 3347006.36724854 13.67399979 5.000000
38602346.68280029 3347005.72924805 10.20699978 5.000000
38602346.90377808 3347005.78027344 10.95400047 5.000000
38602348.55477905 3347006.10821533 10.86699963 5.000000
38602348.37478638 3347006.07324219 11.02999973 5.000000
38602348.53479004 3347006.10626221 11.14000034 5.000000
38602348.54379272 3347006.11022949 11.40900040 5.000000
38602349.45779419 3347006.29223633 11.35700035 5.000000
38602348.46179199 3347006.09625244 11.70100021 5.000000
38602351.44079590 3347006.68725586 11.35599995 5.000000
38602351.60879517 3347006.72125244 11.41399956 5.000000
38602351.47979736 3347006.69726563 11.65699959 5.000000
38602350.99978638 3347006.60626221 12.24899960 5.000000
38602350.87979126 3347006.58325195 12.40699959 5.000000
38602351.04278564 3347006.61627197 12.46300030 5.000000
38602349.96478271 3347006.41223145 13.80599976 5.000000
38602347.07577515 3347005.71124268 9.72999954 5.000000
38602347.09378052 3347005.71527100 9.87800026 5.000000
38602347.05178833 3347005.70825195 10.02999973 5.000000
38602346.94180298 3347005.68725586 10.18900013 5.000000
38602347.62478638 3347005.82525635 10.28199959 5.000000
38602348.16479492 3347005.93322754 10.37300014 5.000000
38602348.32080078 3347005.96722412 10.76599979 5.000000
38602348.42480469 3347005.99023438 11.02400017 5.000000
38602348.35177612 3347005.97625732 11.17300034 5.000000
38602348.11679077 3347005.93127441 11.35400009 5.000000
38602348.45077515 3347005.99822998 11.43000031 5.000000
38602351.18078613 3347006.54022217 11.10799980 5.000000
38602346.41879272 3347005.60021973 12.31700039 5.000000
38602351.69378662 3347006.64324951 11.29399967 5.000000
38602351.43478394 3347006.59423828 11.56900024 5.000000
38602351.47778320 3347006.60522461 11.87300014 5.000000
38602351.38177490 3347006.58721924 12.01200008 5.000000
38602351.61578369 3347006.63323975 12.03999996 5.000000
38602351.08978271 3347006.53125000 12.33600044 5.000000
38602351.39779663 3347006.59222412 12.33600044 5.000000
38602351.45077515 3347006.60424805 12.53800011 5.000000
38602350.87478638 3347006.49322510 13.01099968 5.000000
38602349.73977661 3347006.27221680 13.63700008 5.000000
38602347.39678955 3347005.59326172 7.96700001 5.000000
38602347.45077515 3347005.52526855 7.67799997 5.000000
38602347.37579346 3347005.51422119 8.25899982 5.000000
38602347.35778809 3347005.51226807 8.55200005 5.000000
38602347.35879517 3347005.51422119 8.69900036 5.000000
38602347.33679199 3347005.51025391 8.84399986 5.000000
38602347.31579590 3347005.50823975 9.13700008 5.000000
38602347.29980469 3347005.50622559 9.28400040 5.000000
38602347.30679321 3347005.50921631 9.43099976 5.000000
38602347.19879150 3347005.48822021 9.58100033 5.000000
38602348.30877686 3347005.71026611 9.68700027 5.000000
38602348.24877930 3347005.70025635 9.96100044 5.000000
38602347.55877686 3347005.56427002 10.14900017 5.000000
38602347.44079590 3347005.54223633 10.30300045 5.000000
38602346.85580444 3347005.42626953 10.50699997 5.000000
38602348.07278442 3347005.66925049 10.52700043 5.000000
38602351.79577637 3347006.41125488 10.30799961 5.000000
38602351.77578735 3347006.40826416 10.40699959 5.000000
38602347.23480225 3347005.50726318 11.22000027 5.000000
38602351.39178467 3347006.33325195 10.76599979 5.000000
38602347.54779053 3347005.57226563 11.61600018 5.000000
38602351.10278320 3347006.27722168 11.02900028 5.000000
38602347.87777710 3347005.64025879 11.84300041 5.000000
38602351.93078613 3347006.44323730 11.14700031 5.000000
38602349.10177612 3347005.88525391 11.97200012 5.000000
38602351.94277954 3347006.44726563 11.34000015 5.000000
38602351.92779541 3347006.44525146 11.44299984 5.000000
38602351.93179321 3347006.44726563 11.64099979 5.000000
38602352.00180054 3347006.46124268 11.71899986 5.000000
38602352.18978882 3347006.50024414 11.85499954 5.000000
38602352.47579956 3347006.55725098 11.94900036 5.000000
38602347.40078735 3347005.43524170 8.26099968 5.000000
38602348.37179565 3347005.63824463 9.55200005 5.000000
38602350.82080078 3347006.12927246 9.90900040 5.000000
38602351.69180298 3347006.30426025 9.93999958 5.000000
38602351.63278198 3347006.29223633 10.04199982 5.000000
38602351.75378418 3347006.31823730 10.31700039 5.000000
38602351.81378174 3347006.33123779 10.50000000 5.000000
38602351.61679077 3347006.29327393 10.72799969 5.000000
38602351.32278442 3347006.23626709 10.88399982 5.000000
38602351.89779663 3347006.35223389 11.06200027 5.000000
38602351.93978882 3347006.36126709 11.24699974 5.000000
38602351.83877563 3347006.34222412 11.47200012 5.000000
38602348.55578613 3347005.69427490 12.54199982 5.000000
38602351.92480469 3347006.36126709 11.64799976 5.000000
38602352.27478027 3347006.43322754 12.02999973 5.000000
38602347.38980103 3347005.34924316 8.11200047 5.000000
38602347.38879395 3347005.34924316 8.25899982 5.000000
38602347.36877441 3347005.34722900 8.55200005 5.000000
38602347.36978149 3347005.34826660 8.69900036 5.000000
38602347.37579346 3347005.35125732 8.84599972 5.000000
38602347.35980225 3347005.34924316 9.13899994 5.000000
38602347.35678101 3347005.35021973 9.28499985 5.000000
38602347.32479858 3347005.34423828 9.43200016 5.000000
38602348.33877563 3347005.54821777 9.55300045 5.000000
38602348.32379150 3347005.54626465 9.68799973 5.000000
38602351.07678223 3347006.09625244 9.68500042 5.000000
38602351.24877930 3347006.13122559 9.87800026 5.000000
38602351.76177979 3347006.23724365 10.41300011 5.000000
38602348.25277710 3347005.54125977 11.06499958 5.000000
38602348.07879639 3347005.50726318 11.23400021 5.000000
38602351.71978760 3347006.23126221 10.80900002 5.000000
38602351.90478516 3347006.26922607 10.96599960 5.000000
38602347.60079956 3347005.41723633 12.06099987 5.000000
38602351.74279785 3347006.23822021 11.19999981 5.000000
38602352.02978516 3347006.29626465 11.32400036 5.000000
38602352.04879761 3347006.30126953 11.51399994 5.000000
38602348.40579224 3347005.58227539 12.73600006 5.000000
38602346.45278931 3347005.19824219 13.51000023 5.000000
38602352.11877441 3347006.31726074 11.89000034 5.000000
38602352.25677490 3347006.34527588 11.94099998 5.000000
38602352.29980469 3347006.35424805 12.02499962 5.000000
38602350.62979126 3347006.02624512 12.77200031 5.000000
38602347.92077637 3347005.49621582 14.30900002 5.000000
38602351.93978882 3347006.28723145 12.69400024 5.000000
38602352.35879517 3347006.38421631 14.85999966 5.000000
38602352.44677734 3347006.40222168 14.92899990 5.000000
38602352.51278687 3347006.41625977 15.01399994 5.000000
38602351.16778564 3347006.02026367 9.57999992 5.000000
38602351.56878662 3347006.10223389 9.85599995 5.000000
38602351.64279175 3347006.11822510 9.94699955 5.000000
38602351.58380127 3347006.10626221 10.04899979 5.000000
38602351.67379761 3347006.12524414 10.13700008 5.000000
38602351.71279907 3347006.13421631 10.32600021 5.000000
38602351.77780151 3347006.14825439 10.50899982 5.000000
38602351.77078247 3347006.14721680 10.60700035 5.000000
38602347.75579834 3347005.35125732 11.58500004 5.000000
38602351.51278687 3347006.09826660 10.95400047 5.000000
38602351.85079956 3347006.16522217 10.98099995 5.000000
38602347.52380371 3347005.30822754 12.08300018 5.000000
38602351.88177490 3347006.17321777 11.17000008 5.000000
38602348.07980347 3347005.42126465 12.39400005 5.000000
38602352.16580200 3347006.23223877 11.68000031 5.000000
38602352.20178223 3347006.24023438 11.76700020 5.000000
38602352.86978149 3347006.37322998 11.72500038 5.000000
38602352.84078979 3347006.36926270 11.92099953 5.000000
38602352.68280029 3347006.33825684 12.07800007 5.000000
38602352.60778809 3347006.32421875 12.20600033 5.000000
38602347.92779541 3347005.40527344 14.47799969 5.000000
38602348.15179443 3347005.45025635 14.54199982 5.000000
38602352.04278564 3347006.21624756 12.98499966 5.000000
38602352.16079712 3347006.24023438 13.03800011 5.000000
38602352.04080200 3347006.21722412 13.21199989 5.000000
38602351.37179565 3347006.08721924 13.80799961 5.000000
38602351.99578857 3347006.21423340 14.07699966 5.000000
38602351.96279907 3347006.20825195 14.22500038 5.000000
38602352.13278198 3347006.24224854 14.24300003 5.000000
38602352.20278931 3347006.25622559 14.32299995 5.000000
38602352.31478882 3347006.28027344 14.50399971 5.000000
38602352.35479736 3347006.28826904 14.60700035 5.000000
38602352.18179321 3347006.25622559 14.86800003 5.000000
38602352.50579834 3347006.32025146 14.89500046 5.000000
38602352.51379395 3347006.32324219 15.02499962 5.000000
38602348.27780151 3347005.35925293 9.69099998 5.000000
38602351.22378540 3347005.94824219 9.67899990 5.000000
38602351.46377563 3347005.99725342 9.86400032 5.000000
38602346.07177734 3347004.92626953 10.91800022 5.000000
38602347.99078369 3347005.31024170 10.96800041 5.000000
38602348.09777832 3347005.33227539 11.09300041 5.000000
38602351.82577515 3347006.07421875 10.69699955 5.000000
38602351.53479004 3347006.01824951 11.05300045 5.000000
38602348.51278687 3347005.42022705 11.99699974 5.000000
38602348.26080322 3347005.37225342 12.20199966 5.000000
38602352.18579102 3347006.14923096 11.28899956 5.000000
38602352.19277954 3347006.15423584 11.77400017 5.000000
38602352.46878052 3347006.21026611 11.97200012 5.000000
38602352.58078003 3347006.23425293 12.22200012 5.000000
38602348.00677490 3347005.33422852 14.28299999 5.000000
38602348.73178101 3347005.47924805 14.28299999 5.000000
38602351.96179199 3347006.11523438 12.91800022 5.000000
38602351.93078613 3347006.10925293 13.04500008 5.000000
38602352.17077637 3347006.15722656 13.03999996 5.000000
38602351.95880127 3347006.12225342 14.10700035 5.000000
38602352.05380249 3347006.14123535 14.17399979 5.000000
38602345.94979858 3347004.81225586 9.94400024 5.000000
38602351.16079712 3347005.85327148 9.78400040 5.000000
38602351.19580078 3347005.86022949 9.88399982 5.000000
38602351.29479980 3347005.88122559 9.97700024 5.000000
38602351.35379028 3347005.89324951 10.07299995 5.000000
38602351.52078247 3347005.92724609 10.15499973 5.000000
38602348.06680298 3347005.24023438 10.67500019 5.000000
38602351.60177612 3347005.94525146 10.34200001 5.000000
38602351.09280396 3347005.84423828 10.51500034 5.000000
38602347.98278809 3347005.22625732 11.11200047 5.000000
38602351.00180054 3347005.82922363 11.06299973 5.000000
38602352.25479126 3347006.07824707 10.89599991 5.000000
38602348.30578613 3347005.29626465 11.90600014 5.000000
38602348.25979614 3347005.28826904 12.06000042 5.000000
38602352.28579712 3347006.08721924 11.35900021 5.000000
38602352.18878174 3347006.06927490 11.48400021 5.000000
38602352.23678589 3347006.07922363 11.56599998 5.000000
38602352.33779907 3347006.10021973 11.72900009 5.000000
38602352.28579712 3347006.09124756 11.94299984 5.000000
38602352.23178101 3347006.08123779 12.06400013 5.000000
38602352.61578369 3347006.15826416 12.11400032 5.000000
38602348.50878906 3347005.35125732 14.07199955 5.000000
38602347.93280029 3347005.23822021 14.48499966 5.000000
38602348.09280396 3347005.27124023 14.57900047 5.000000
38602348.33679199 3347005.32025146 14.63099957 5.000000
38602352.25079346 3347006.09124756 13.11499977 5.000000
38602351.91778564 3347006.02722168 13.52299976 5.000000
38602351.82879639 3347006.01226807 13.94099998 5.000000
38602352.13278198 3347006.07525635 14.25699997 5.000000
38602352.08779907 3347006.06726074 14.41600037 5.000000
38602352.37979126 3347006.12524414 14.47500038 5.000000
38602352.38778687 3347006.12927246 14.73200035 5.000000
38602352.36779785 3347006.12622070 14.88300037 5.000000
38602346.09280396 3347004.76324463 9.93700027 5.000000
38602351.36178589 3347005.81927490 10.27499962 5.000000
38602351.25079346 3347005.79821777 10.39099979 5.000000
38602347.61477661 3347005.07623291 11.17199993 5.000000
38602347.65078735 3347005.08422852 11.31400013 5.000000
38602347.72277832 3347005.09924316 11.44900036 5.000000
38602347.81277466 3347005.11822510 11.57900047 5.000000
38602352.33178711 3347006.01623535 10.78999996 5.000000
38602347.98977661 3347005.15527344 11.83600044 5.000000
38602346.64978027 3347004.89025879 12.29300022 5.000000
38602347.37377930 3347005.03521729 12.27999973 5.000000
38602347.87078857 3347005.13525391 12.45800018 5.000000
38602352.46377563 3347006.04821777 11.78600025 5.000000
38602352.51779175 3347006.06024170 11.86400032 5.000000
38602352.58178711 3347006.07421875 12.13199997 5.000000
38602352.53079224 3347006.06524658 12.25199986 5.000000
38602347.28680420 3347005.03326416 14.60200024 5.000000
38602348.69979858 3347005.31225586 14.15100002 5.000000
38602348.59478760 3347005.29223633 14.35499954 5.000000
38602350.16180420 3347005.60125732 13.77700043 5.000000
38602351.70178223 3347005.90527344 13.16699982 5.000000
38602352.04278564 3347005.97424316 13.34399986 5.000000
38602352.06579590 3347005.97924805 13.44900036 5.000000
38602351.59179688 3347005.88726807 13.83300018 5.000000
38602350.19879150 3347005.61523438 14.76200008 5.000000
38602351.97778320 3347005.96624756 14.10999966 5.000000
38602352.31979370 3347006.03625488 14.39599991 5.000000
38602352.47677612 3347006.06823730 14.54399967 5.000000
38602351.16677856 3347005.69525146 9.78600025 5.000000
38602351.35678101 3347005.73321533 9.87500000 5.000000
38602351.26278687 3347005.71527100 10.08500004 5.000000
38602351.11279297 3347005.68725586 10.30799961 5.000000
38602347.45977783 3347004.96026611 10.90200043 5.000000
38602348.06378174 3347005.08123779 10.96199989 5.000000
38602347.51678467 3347004.97326660 11.19099998 5.000000
38602347.29678345 3347004.93023682 11.37800026 5.000000
38602348.13378906 3347005.10125732 11.95300007 5.000000
38602348.29980469 3347005.13525391 12.05799961 5.000000
38602352.29577637 3347005.93127441 11.55700016 5.000000
38602352.61578369 3347005.99822998 12.12399960 5.000000
38602346.86578369 3347004.86523438 14.60900021 5.000000
38602352.11477661 3347005.90222168 12.75300026 5.000000
38602352.08078003 3347005.89624023 12.87899971 5.000000
38602350.00979614 3347005.48925781 13.99600029 5.000000
38602352.13479614 3347005.90722656 13.07600021 5.000000
38602352.26278687 3347005.93524170 13.34899998 5.000000
38602351.70578003 3347005.82727051 13.90200043 5.000000
38602351.96780396 3347005.87927246 13.87399960 5.000000
38602352.05877686 3347005.89923096 14.06799984 5.000000
38602351.98278809 3347005.88525391 14.37300014 5.000000
38602352.02178955 3347005.89422607 14.47900009 5.000000
38602351.96279907 3347005.88323975 14.65299988 5.000000
38602351.83178711 3347005.85821533 14.88199997 5.000000
38602348.52478027 3347005.08123779 9.81799984 5.000000
38602351.00979614 3347005.57824707 9.79699993 5.000000
38602351.12078857 3347005.60223389 9.99699974 5.000000
38602348.54779053 3347005.08923340 10.35299969 5.000000
38602351.17480469 3347005.61425781 10.19799995 5.000000
38602347.33078003 3347004.84924316 10.92099953 5.000000
38602346.96780396 3347004.78027344 11.43700027 5.000000
38602347.24978638 3347004.83825684 11.69499969 5.000000
38602352.34878540 3347005.85223389 10.79300022 5.000000
38602347.30978394 3347004.85223389 11.99199963 5.000000
38602352.50878906 3347005.88623047 11.12300014 5.000000
38602352.31777954 3347005.84924316 11.26599979 5.000000
38602352.40280151 3347005.86724854 11.52799988 5.000000
38602352.46780396 3347005.88122559 11.69799995 5.000000
38602352.55279541 3347005.89923096 11.86100006 5.000000
38602351.22579956 3347005.63922119 12.68700027 5.000000
38602346.93478394 3347004.79327393 14.58699989 5.000000
38602347.40280151 3347004.88726807 14.56499958 5.000000
38602348.17880249 3347005.04223633 14.55900002 5.000000
38602352.20779419 3347005.83624268 12.93500042 5.000000
38602352.23678589 3347005.84326172 13.03100014 5.000000
38602352.04980469 3347005.81121826 13.95699978 5.000000
38602352.02877808 3347005.80926514 14.35200024 5.000000
38602351.68777466 3347005.74426270 14.85299969 5.000000
38602348.52877808 3347004.99127197 9.95400047 5.000000
38602348.69677734 3347005.02722168 10.34099960 5.000000
38602351.14678955 3347005.51727295 10.30799961 5.000000
38602346.87579346 3347004.66723633 11.14200020 5.000000
38602346.93179321 3347004.67926025 11.28999996 5.000000
38602347.06878662 3347004.70727539 11.42300034 5.000000
38602346.65179443 3347004.62622070 11.81599998 5.000000
38602347.43679810 3347004.78521729 12.12300014 5.000000
38602352.00378418 3347005.69427490 11.35599995 5.000000
38602352.38778687 3347005.77124023 11.34700012 5.000000
38602352.45480347 3347005.78625488 11.51700020 5.000000
38602347.01177979 3347004.71624756 14.56299973 5.000000
38602347.10678101 3347004.73522949 14.69999981 5.000000
38602347.23278809 3347004.76123047 14.82199955 5.000000
38602347.97677612 3347004.90924072 14.65900040 5.000000
38602351.19879150 3347005.54925537 13.94600010 5.000000
38602351.60980225 3347005.63024902 13.84700012 5.000000
38602351.97378540 3347005.70227051 13.76500034 5.000000
38602351.98278809 3347005.70526123 13.88300037 5.000000
38602351.76879883 3347005.66424561 14.26799965 5.000000
38602351.94979858 3347005.70123291 14.28400040 5.000000
38602351.17678833 3347005.55126953 15.06799984 5.000000
38602348.54980469 3347004.91223145 10.08800030 5.000000
38602348.73080444 3347004.94921875 10.20699978 5.000000
38602348.44677734 3347004.89422607 10.50399971 5.000000
38602347.30780029 3347004.66827393 10.93099976 5.000000
38602347.27679443 3347004.66326904 11.08600044 5.000000
38602347.20880127 3347004.65026855 11.24899960 5.000000
38602347.52178955 3347004.71423340 11.34899998 5.000000
38602347.14477539 3347004.64025879 11.72399998 5.000000
38602352.43280029 3347005.69323730 10.78199959 5.000000
38602352.34078979 3347005.67626953 10.89400005 5.000000
38602352.40579224 3347005.68927002 10.97200012 5.000000
38602352.46377563 3347005.70123291 11.05000019 5.000000
38602352.61679077 3347005.73223877 11.10299969 5.000000
38602352.51779175 3347005.71325684 11.31400013 5.000000
38602352.38378906 3347005.68725586 11.44699955 5.000000
38602348.72579956 3347004.96221924 12.67199993 5.000000
38602352.48278809 3347005.70825195 11.70400047 5.000000
38602352.25878906 3347005.66522217 11.97900009 5.000000
38602352.16079712 3347005.64923096 12.64400005 5.000000
38602352.28778076 3347005.67523193 12.69400024 5.000000
38602352.33178711 3347005.68524170 12.88899994 5.000000
38602352.28479004 3347005.67626953 13.02200031 5.000000
38602352.24478149 3347005.66925049 13.26799965 5.000000
38602352.17977905 3347005.65826416 13.53499985 5.000000
38602352.10379028 3347005.64422607 13.69799995 5.000000
38602352.07278442 3347005.63824463 13.83699989 5.000000
38602352.18579102 3347005.66223145 14.01599979 5.000000
38602352.22579956 3347005.67022705 14.11600018 5.000000
38602352.13580322 3347005.65325928 14.30200005 5.000000
38602351.91677856 3347005.61126709 14.57900047 5.000000
38602351.27478027 3347005.48724365 15.30799961 5.000000
38602351.46978760 3347005.52624512 15.31799984 5.000000
38602348.40280151 3347004.79821777 10.10000038 5.000000
38602346.88177490 3347004.49725342 10.83300018 5.000000
38602346.66979980 3347004.45623779 11.01799965 5.000000
38602347.31680298 3347004.58624268 11.08199978 5.000000
38602346.98278809 3347004.52026367 11.28699970 5.000000
38602351.49877930 3347005.42126465 10.67199993 5.000000
38602347.60177612 3347004.64526367 11.48700047 5.000000
38602352.14077759 3347005.55023193 10.75000000 5.000000
38602352.38378906 3347005.60125732 11.07299995 5.000000
38602352.23577881 3347005.57324219 11.49400043 5.000000
38602352.20379639 3347005.56823730 11.70100021 5.000000
38602348.93179321 3347004.92022705 12.89599991 5.000000
38602351.90078735 3347005.51123047 12.43400002 5.000000
38602352.05877686 3347005.54327393 12.47700024 5.000000
38602352.10980225 3347005.55523682 12.67199993 5.000000
38602352.21878052 3347005.57727051 12.73099995 5.000000
38602352.13677979 3347005.56726074 13.93000031 5.000000
38602352.09777832 3347005.56024170 14.07900047 5.000000
38602352.17379761 3347005.57623291 14.28499985 5.000000
38602351.75378418 3347005.49523926 14.69799995 5.000000
38602351.98880005 3347005.54223633 14.81099987 5.000000
38602351.28277588 3347005.40722656 15.77299976 5.000000
38602351.46978760 3347005.44525146 15.78600025 5.000000
38602346.66879272 3347004.37927246 10.86100006 5.000000
38602346.60580444 3347004.36724854 11.02799988 5.000000
38602347.18777466 3347004.48425293 11.10299969 5.000000
38602347.14379883 3347004.47827148 11.57299995 5.000000
38602352.24978638 3347005.49621582 10.73200035 5.000000
38602352.30978394 3347005.50921631 10.90600014 5.000000
38602352.40280151 3347005.52825928 10.97799969 5.000000
38602352.27877808 3347005.50622559 11.38899994 5.000000
38602350.47879028 3347005.14923096 12.01799965 5.000000
38602346.91479492 3347004.44323730 13.40699959 5.000000
38602352.32080078 3347005.51727295 11.86499977 5.000000
38602351.86380005 3347005.42822266 12.34500027 5.000000
38602347.01278687 3347004.46923828 14.57900047 5.000000
38602351.98977661 3347005.45422363 12.61999989 5.000000
38602352.24679565 3347005.50726318 12.83300018 5.000000
38602352.15478516 3347005.48925781 12.98700047 5.000000
38602352.21780396 3347005.50225830 13.06799984 5.000000
38602352.12377930 3347005.48522949 13.34500027 5.000000
38602352.25677490 3347005.51226807 13.39000034 5.000000
38602352.33380127 3347005.52722168 13.46199989 5.000000
38602352.31478882 3347005.52526855 13.70899963 5.000000
38602352.20977783 3347005.50524902 13.89299965 5.000000
38602351.98880005 3347005.46221924 14.15499973 5.000000
38602352.21780396 3347005.50823975 14.13700008 5.000000
38602352.24179077 3347005.51324463 14.24800014 5.000000
38602352.05877686 3347005.47827148 14.50000000 5.000000
38602351.94979858 3347005.45727539 14.70899963 5.000000
38602352.04080200 3347005.47625732 14.78199959 5.000000
38602351.45379639 3347005.36523438 15.96800041 5.000000
38602345.89578247 3347004.13824463 10.95800018 5.000000
38602347.11178589 3347004.38226318 10.96199989 5.000000
38602347.10778809 3347004.38226318 11.11699963 5.000000
38602347.29980469 3347004.42126465 11.24100018 5.000000
38602352.15377808 3347005.39123535 10.65900040 5.000000
38602352.28680420 3347005.41925049 11.00800037 5.000000
38602352.50079346 3347005.46325684 11.14299965 5.000000
38602352.49478149 3347005.46221924 11.23799992 5.000000
38602348.40478516 3347004.65026855 12.63599968 5.000000
38602350.62280273 3347005.09222412 12.09899998 5.000000
38602347.03979492 3347004.38226318 13.53899956 5.000000
38602351.91079712 3347005.35125732 12.33199978 5.000000
38602351.90679932 3347005.35021973 12.44200039 5.000000
38602347.64880371 3347004.51025391 14.66100025 5.000000
38602352.40377808 3347005.45422363 13.31700039 5.000000
38602352.43679810 3347005.46221924 13.52799988 5.000000
38602352.43777466 3347005.46325684 13.64400005 5.000000
38602350.88778687 3347005.16021729 14.99800014 5.000000
38602350.84179688 3347005.15222168 15.17800045 5.000000
38602351.99780273 3347005.38226318 14.96100044 5.000000
38602351.54379272 3347005.29626465 15.74899960 5.000000
38602351.64178467 3347005.31622314 15.82800007 5.000000
38602347.28277588 3347004.33422852 11.24499989 5.000000
38602351.50878906 3347005.17926025 10.77900028 5.000000
38602351.66580200 3347005.21124268 10.85000038 5.000000
38602352.04177856 3347005.28723145 10.87300014 5.000000
38602352.50579834 3347005.38024902 10.96000004 5.000000
38602352.17480469 3347005.31622314 11.42500019 5.000000
38602346.93777466 3347004.27624512 13.23900032 5.000000
38602350.62979126 3347005.01123047 12.22000027 5.000000
38602350.58679199 3347005.00323486 12.35499954 5.000000
38602351.93377686 3347005.27423096 12.65499973 5.000000
38602352.10678101 3347005.30926514 12.79899979 5.000000
38602352.10778809 3347005.31024170 12.90999985 5.000000
38602352.04577637 3347005.29821777 13.05300045 5.000000
38602351.84378052 3347005.25921631 13.26799965 5.000000
38602352.14779663 3347005.32025146 13.34599972 5.000000
38602352.34179688 3347005.35925293 13.35700035 5.000000
38602352.36077881 3347005.36627197 13.93799973 5.000000
38602352.19180298 3347005.33325195 14.17000008 5.000000
38602352.35079956 3347005.36523438 14.19299984 5.000000
38602352.22879028 3347005.34326172 14.53299999 5.000000
38602352.14578247 3347005.32727051 14.72500038 5.000000
38602352.05279541 3347005.31024170 14.93000031 5.000000
38602351.99780273 3347005.30023193 15.11200047 5.000000
38602351.65878296 3347005.23425293 15.51500034 5.000000
38602351.69378662 3347005.24322510 15.79599953 5.000000
38602350.68377686 3347004.93127441 10.81999969 5.000000
38602350.53878784 3347004.90325928 10.95899963 5.000000
38602351.66278076 3347005.12823486 10.85400009 5.000000
38602352.34078979 3347005.26422119 10.90799999 5.000000
38602351.73080444 3347005.14324951 11.14400005 5.000000
38602352.48880005 3347005.29425049 11.06000042 5.000000
38602352.33279419 3347005.26422119 11.28800011 5.000000
38602347.46578979 3347004.29724121 12.92099953 5.000000
38602347.39379883 3347004.28424072 13.10400009 5.000000
38602350.72677612 3347004.94726563 12.19299984 5.000000
38602350.85879517 3347004.97424316 12.26900005 5.000000
38602350.28378296 3347004.86022949 12.58800030 5.000000
38602351.95480347 3347005.19525146 12.54199982 5.000000
38602351.73577881 3347005.15423584 13.21100044 5.000000
38602352.35177612 3347005.27923584 13.47500038 5.000000
38602352.40377808 3347005.29022217 13.67899990 5.000000
38602351.73977661 3347005.16021729 14.20300007 5.000000
38602350.79779053 3347004.97625732 14.92399979 5.000000
38602350.59878540 3347004.93725586 15.20100021 5.000000
38602352.46878052 3347005.30627441 14.25000000 5.000000
38602352.31079102 3347005.27722168 14.61900043 5.000000
38602352.11477661 3347005.24023438 15.03600025 5.000000
38602351.74978638 3347005.17022705 15.60900021 5.000000
38602351.66677856 3347005.15423584 15.82900047 5.000000
38602347.31979370 3347004.16925049 11.39900017 5.000000
38602350.41677856 3347004.78924561 11.10099983 5.000000
38602351.57379150 3347005.02124023 10.97799969 5.000000
38602351.83679199 3347005.07421875 11.12300014 5.000000
38602351.62680054 3347005.03326416 11.27499962 5.000000
38602352.30780029 3347005.16925049 11.20400047 5.000000
38602350.91778564 3347004.89324951 11.67599964 5.000000
38602350.54678345 3347004.82122803 12.13500023 5.000000
38602346.75180054 3347004.06823730 13.65100002 5.000000
38602351.75277710 3347005.06524658 12.63300037 5.000000
38602351.88778687 3347005.09222412 12.68799973 5.000000
38602350.03979492 3347004.72723389 13.61999989 5.000000
38602352.07278442 3347005.13024902 12.82900047 5.000000
38602351.87280273 3347005.09124756 13.03499985 5.000000
38602349.97180176 3347004.71624756 14.07699966 5.000000
38602351.85678101 3347005.08923340 13.27700043 5.000000
38602352.04177856 3347005.12622070 13.30000019 5.000000
38602352.17077637 3347005.15325928 13.46700001 5.000000
38602349.76577759 3347004.68225098 15.41499996 5.000000
38602350.86779785 3347004.90026855 14.89000034 5.000000
38602352.11077881 3347005.14526367 14.24100018 5.000000
38602352.47277832 3347005.21722412 14.13199997 5.000000
38602352.17480469 3347005.16125488 14.72599983 5.000000
38602352.00778198 3347005.12927246 14.98499966 5.000000
38602351.48178101 3347005.02722168 15.67300034 5.000000
38602351.78778076 3347005.08825684 15.59099960 5.000000
38602351.56179810 3347005.04522705 15.92599964 5.000000
38602351.66778564 3347005.06622314 16.00000000 5.000000
38602350.66479492 3347004.75427246 10.71899986 5.000000
38602350.87377930 3347004.79925537 11.46500015 5.000000
38602351.02978516 3347004.83123779 11.53899956 5.000000
38602347.73080444 3347004.17523193 12.69900036 5.000000
38602346.38079834 3347003.90722656 13.25599957 5.000000
38602350.66580200 3347004.76123047 12.10499954 5.000000
38602346.88378906 3347004.01025391 13.44400024 5.000000
38602349.46478271 3347004.53027344 13.88399982 5.000000
38602349.95379639 3347004.62823486 13.94999981 5.000000
38602351.94778442 3347005.02526855 13.47700024 5.000000
38602352.05978394 3347005.04925537 13.65699959 5.000000
38602352.21279907 3347005.07922363 13.69099998 5.000000
38602349.30780029 3347004.50823975 15.53600025 5.000000
38602349.39477539 3347004.52624512 15.65200043 5.000000
38602349.75778198 3347004.59826660 15.59500027 5.000000
38602352.51480103 3347005.14324951 14.23999977 5.000000
38602352.53277588 3347005.14825439 14.48299980 5.000000
38602352.06579590 3347005.05725098 15.09599972 5.000000
38602351.65777588 3347004.97827148 15.55200005 5.000000
38602351.63177490 3347004.97424316 15.72599983 5.000000
38602352.17678833 3347005.08227539 15.44600010 5.000000
38602351.71179199 3347004.99224854 15.97799969 5.000000
38602350.63378906 3347004.66522217 10.84099960 5.000000
38602350.59680176 3347004.65826416 10.96100044 5.000000
38602347.68777466 3347004.08026123 11.94799995 5.000000
38602350.88980103 3347004.71923828 11.35299969 5.000000
38602351.03479004 3347004.74926758 11.54199982 5.000000
38602350.99377441 3347004.74224854 11.66600037 5.000000
38602350.16879272 3347004.57824707 12.01399994 5.000000
38602350.67077637 3347004.67926025 11.98999977 5.000000
38602347.02978516 3347003.95526123 13.23600006 5.000000
38602346.59179688 3347003.86822510 13.54500008 5.000000
38602350.91879272 3347004.73126221 12.50500011 5.000000
38602349.45578003 3347004.44122314 13.17599964 5.000000
38602349.45178223 3347004.44122314 13.31900024 5.000000
38602349.87078857 3347004.52825928 13.71100044 5.000000
38602348.33380127 3347004.22424316 14.55900002 5.000000
38602349.82980347 3347004.52124023 14.01700020 5.000000
38602351.91079712 3347004.93426514 13.14900017 5.000000
38602351.96578979 3347004.94525146 13.23900032 5.000000
38602352.04278564 3347004.96124268 13.31700039 5.000000
38602348.74179077 3347004.31024170 15.35999966 5.000000
38602351.94277954 3347004.94323730 13.73200035 5.000000
38602351.78479004 3347004.91326904 13.94699955 5.000000
38602350.25277710 3347004.61224365 15.13899994 5.000000
38602349.68878174 3347004.50225830 15.64799976 5.000000
38602351.39578247 3347004.83923340 14.72099972 5.000000
38602352.29980469 3347005.01824951 14.26700020 5.000000
38602352.09777832 3347004.98126221 14.94200039 5.000000
38602352.04379272 3347004.97125244 15.12300014 5.000000
38602351.90777588 3347004.94525146 15.37199974 5.000000
38602352.17178345 3347004.99822998 15.31499958 5.000000
38602352.20880127 3347005.00622559 15.43299961 5.000000
38602351.59378052 3347004.88623047 16.08699989 5.000000
38602350.59280396 3347004.58422852 11.30900002 5.000000
38602348.83178711 3347004.23522949 12.25500011 5.000000
38602350.36578369 3347004.54223633 11.96100044 5.000000
38602346.58178711 3347003.79022217 13.55200005 5.000000
38602349.54379272 3347004.38421631 13.28699970 5.000000
38602347.52780151 3347003.98626709 14.58399963 5.000000
38602347.38580322 3347003.95922852 14.82100010 5.000000
38602352.11380005 3347004.90026855 13.52200031 5.000000
38602349.02380371 3347004.29223633 15.55000019 5.000000
38602352.19778442 3347004.92126465 14.21300030 5.000000
38602352.38677979 3347004.95922852 14.21700001 5.000000
38602352.51879883 3347004.98724365 14.51200008 5.000000
38602351.98577881 3347004.88323975 15.03199959 5.000000
38602352.22579956 3347004.93225098 15.13799953 5.000000
38602352.26977539 3347004.94122314 15.24699974 5.000000
38602350.51080322 3347004.48425293 10.86600018 5.000000
38602350.39779663 3347004.46325684 11.35499954 5.000000
38602350.87777710 3347004.56024170 11.36200047 5.000000
38602350.89379883 3347004.56323242 11.47099972 5.000000
38602348.31079102 3347004.04925537 12.25300026 5.000000
38602350.46679688 3347004.48022461 11.81499958 5.000000
38602350.74179077 3347004.53521729 11.85799980 5.000000
38602350.54479980 3347004.49725342 12.15600014 5.000000
38602350.22979736 3347004.43524170 12.37899971 5.000000
38602349.26977539 3347004.24725342 13.25399971 5.000000
38602347.31079102 3347003.85821533 14.16100025 5.000000
38602348.67779541 3347004.13122559 13.78299999 5.000000
38602349.74279785 3347004.34423828 13.77999973 5.000000
38602352.06277466 3347004.80627441 13.08699989 5.000000
38602351.51577759 3347004.70123291 13.98600006 5.000000
38602352.24679565 3347004.84924316 14.18900013 5.000000
38602352.47677612 3347004.89624023 14.29300022 5.000000
38602352.34579468 3347004.87023926 14.51200008 5.000000
38602352.26080322 3347004.85522461 14.70499992 5.000000
38602352.36877441 3347004.88024902 15.47099972 5.000000
38602350.66778564 3347004.54821777 17.05200005 5.000000
38602350.48480225 3347004.39624023 10.75599957 5.000000
38602350.60177612 3347004.42126465 11.07999992 5.000000
38602350.47277832 3347004.39721680 11.34000015 5.000000
38602352.46179199 3347004.79522705 11.08699989 5.000000
38602350.68478394 3347004.44122314 11.75800037 5.000000
38602350.69277954 3347004.44525146 12.11200047 5.000000
38602346.85079956 3347003.68127441 13.64299965 5.000000
38602347.99679565 3347003.91223145 13.89700031 5.000000
38602348.74478149 3347004.06323242 14.06999969 5.000000
38602349.51577759 3347004.21722412 13.88399982 5.000000
38602350.01678467 3347004.31726074 13.80300045 5.000000
38602351.82778931 3347004.67724609 13.08800030 5.000000
38602351.78878784 3347004.67022705 13.22500038 5.000000
38602351.99279785 3347004.71124268 13.24199963 5.000000
38602352.02380371 3347004.71826172 13.34399986 5.000000
38602352.08477783 3347004.73126221 13.43000031 5.000000
38602351.43478394 3347004.60327148 14.03600025 5.000000
38602351.15878296 3347004.55126953 14.75000000 5.000000
38602351.34280396 3347004.58825684 14.77700043 5.000000
38602351.05279541 3347004.53326416 15.26200008 5.000000
38602352.33679199 3347004.78625488 14.52499962 5.000000
38602352.16180420 3347004.75323486 14.78299999 5.000000
38602352.52178955 3347004.82623291 14.92899990 5.000000
38602352.48379517 3347004.81927490 15.09799957 5.000000
38602352.48678589 3347004.82226563 15.52900028 5.000000
38602350.46377563 3347004.30322266 10.87600040 5.000000
38602347.26577759 3347003.66424561 11.73600006 5.000000
38602350.67977905 3347004.34826660 11.18099976 5.000000
38602350.20977783 3347004.25524902 11.52099991 5.000000
38602350.02978516 3347004.22027588 11.68799973 5.000000
38602350.52679443 3347004.31927490 11.68400002 5.000000
38602350.66879272 3347004.34924316 11.88399982 5.000000
38602350.70379639 3347004.35723877 12.11200047 5.000000
38602350.37680054 3347004.29223633 12.33800030 5.000000
38602347.15579224 3347003.65222168 13.71300030 5.000000
38602348.81579590 3347003.98425293 13.28299999 5.000000
38602347.85980225 3347003.79425049 13.79100037 5.000000
38602348.03979492 3347003.83123779 13.88500023 5.000000
38602347.75979614 3347003.77624512 14.15999985 5.000000
38602348.78778076 3347003.98223877 14.05599976 5.000000
38602348.74478149 3347003.97424316 14.23200035 5.000000
38602350.25979614 3347004.27624512 13.69600010 5.000000
38602351.56878662 3347004.53723145 13.46100044 5.000000
38602348.26678467 3347003.88421631 15.29199982 5.000000
38602351.92379761 3347004.60925293 13.52299976 5.000000
38602350.50878906 3347004.33026123 14.56400013 5.000000
38602352.29879761 3347004.68621826 13.92000008 5.000000
38602352.40777588 3347004.70825195 13.97599983 5.000000
38602352.46078491 3347004.71923828 14.06700039 5.000000
38602352.50778198 3347004.73022461 14.28699970 5.000000
38602352.46078491 3347004.72125244 14.44799995 5.000000
38602352.42279053 3347004.71423340 14.60599995 5.000000
38602352.31579590 3347004.69427490 14.81799984 5.000000
38602352.53179932 3347004.73822021 14.93099976 5.000000
38602352.49679565 3347004.73223877 15.23999977 5.000000
38602352.42578125 3347004.71923828 15.44299984 5.000000
38602350.35379028 3347004.19622803 10.43099976 5.000000
38602350.65179443 3347004.26025391 11.30500031 5.000000
38602350.43777466 3347004.21826172 11.47099972 5.000000
38602348.98577881 3347003.92822266 11.94699955 5.000000
38602350.76678467 3347004.28521729 11.74199963 5.000000
38602346.50878906 3347003.43725586 13.41399956 5.000000
38602348.60879517 3347003.85723877 12.91199970 5.000000
38602349.03680420 3347003.94427490 13.06200027 5.000000
38602347.83380127 3347003.70526123 13.80599976 5.000000
38602348.11178589 3347003.76226807 13.86200047 5.000000
38602347.94479370 3347003.72924805 14.09099960 5.000000
38602348.53479004 3347003.84826660 14.17000008 5.000000
38602348.81979370 3347003.90625000 14.20400047 5.000000
38602351.87680054 3347004.51422119 13.07699966 5.000000
38602351.88479614 3347004.51727295 13.30900002 5.000000
38602351.59078979 3347004.46026611 13.70600033 5.000000
38602351.40679932 3347004.42626953 14.33399963 5.000000
38602352.34280396 3347004.61224365 14.02499962 5.000000
38602352.60079956 3347004.66522217 14.35999966 5.000000
38602352.68679810 3347004.68426514 14.55599976 5.000000
38602352.50378418 3347004.65026855 15.10099983 5.000000
38602352.33978271 3347004.61926270 15.52299976 5.000000
38602350.66778564 3347004.29125977 17.08099937 5.000000
38602350.52380371 3347004.15124512 10.86900043 5.000000
38602350.56478882 3347004.16021729 11.09300041 5.000000
38602347.20379639 3347003.48822021 11.90900040 5.000000
38602350.91879272 3347004.23522949 11.93500042 5.000000
38602350.94180298 3347004.24127197 12.04500008 5.000000
38602346.51879883 3347003.35925293 13.58800030 5.000000
38602349.46578979 3347003.94726563 12.77600002 5.000000
38602348.02679443 3347003.66326904 13.73600006 5.000000
38602347.79080200 3347003.61822510 14.32400036 5.000000
38602350.39178467 3347004.13824463 13.64599991 5.000000
38602350.41778564 3347004.14422607 13.77099991 5.000000
38602347.87777710 3347003.64025879 15.14700031 5.000000
38602348.27478027 3347003.72125244 15.29899979 5.000000
38602348.41378784 3347003.74926758 15.40100002 5.000000
38602352.28878784 3347004.51824951 13.45699978 5.000000
38602352.17977905 3347004.49822998 13.88199997 5.000000
38602351.77178955 3347004.41827393 14.25500011 5.000000
38602352.09378052 3347004.48223877 14.18700027 5.000000
38602352.50579834 3347004.56427002 14.05200005 5.000000
38602352.49978638 3347004.56427002 14.30799961 5.000000
38602352.49978638 3347004.56726074 14.83600044 5.000000
38602352.56777954 3347004.58325195 15.34500027 5.000000
38602350.62280273 3347004.09722900 10.85400009 5.000000
38602350.52178955 3347004.07922363 11.45600033 5.000000
38602350.84179688 3347004.14422607 11.49600029 5.000000
38602346.40280151 3347003.26123047 13.63000011 5.000000
38602346.91180420 3347003.36425781 13.80900002 5.000000
38602348.03079224 3347003.58923340 13.73900032 5.000000
38602348.20678711 3347003.62725830 14.31999969 5.000000
38602351.73379517 3347004.33227539 13.39599991 5.000000
38602351.67379761 3347004.32025146 13.54899979 5.000000
38602351.70379639 3347004.32727051 13.65799999 5.000000
38602352.27877808 3347004.44323730 13.70800018 5.000000
38602350.81478882 3347004.15527344 14.99499989 5.000000
38602348.95178223 3347003.78723145 16.34199905 5.000000
38602352.34878540 3347004.46026611 14.28800011 5.000000
38602352.63479614 3347004.51727295 14.35099983 5.000000
38602352.73678589 3347004.53826904 14.53699970 5.000000
38602352.75979614 3347004.54425049 14.64999962 5.000000
38602352.53479004 3347004.50122070 15.09500027 5.000000
38602352.68679810 3347004.53222656 15.25699997 5.000000
38602347.12979126 3347003.31726074 11.45499992 5.000000
38602347.15579224 3347003.32324219 11.60700035 5.000000
38602351.01177979 3347004.09625244 11.00899982 5.000000
38602350.65777588 3347004.02624512 11.31000042 5.000000
38602350.66580200 3347004.02923584 11.54199982 5.000000
38602350.89678955 3347004.07623291 11.71500015 5.000000
38602350.94979858 3347004.08825684 11.93200016 5.000000
38602350.98379517 3347004.09527588 12.03899956 5.000000
38602351.11578369 3347004.12225342 12.11400032 5.000000
38602351.03579712 3347004.10723877 12.25699997 5.000000
38602348.93878174 3347003.68927002 13.10700035 5.000000
38602347.99279785 3347003.50225830 13.75800037 5.000000
38602348.15377808 3347003.53625488 14.18299961 5.000000
38602348.20278931 3347003.54724121 14.32699966 5.000000
38602352.09078979 3347004.32324219 13.10599995 5.000000
38602351.89279175 3347004.28424072 13.32100010 5.000000
38602351.59378052 3347004.22521973 13.59599972 5.000000
38602348.45678711 3347003.60327148 15.39099979 5.000000
38602351.87478638 3347004.28222656 13.69699955 5.000000
38602349.43978882 3347003.80023193 15.19099998 5.000000
38602351.50677490 3347004.21221924 14.56900024 5.000000
38602352.59777832 3347004.43127441 14.51399994 5.000000
38602352.68478394 3347004.45123291 15.12600040 5.000000
38602350.48977661 3347003.90722656 10.41800022 5.000000
38602346.53979492 3347003.11425781 11.06700039 5.000000
38602346.67077637 3347003.14123535 11.21100044 5.000000
38602346.96078491 3347003.20123291 11.32600021 5.000000
38602347.20077515 3347003.25024414 11.60099983 5.000000
38602350.92279053 3347004.00323486 12.41899967 5.000000
38602347.19277954 3347003.26025391 13.89099979 5.000000
38602347.97277832 3347003.41723633 13.93299961 5.000000
38602351.58178711 3347004.13726807 12.64400005 5.000000
38602350.19778442 3347003.86224365 13.33699989 5.000000
38602350.47579956 3347003.91827393 13.35400009 5.000000
38602352.08477783 3347004.23925781 12.77299976 5.000000
38602352.10980225 3347004.24426270 12.87399960 5.000000
38602347.83178711 3347003.39526367 15.18799973 5.000000
38602347.80780029 3347003.39123535 15.37800026 5.000000
38602349.04080200 3347003.63726807 14.92199993 5.000000
38602351.76278687 3347004.17822266 13.76500034 5.000000
38602349.42480469 3347003.71624756 15.20600033 5.000000
38602352.30780029 3347004.28826904 13.70499992 5.000000
38602352.28979492 3347004.28521729 13.96100044 5.000000
38602351.65777588 3347004.16125488 14.48200035 5.000000
38602352.32879639 3347004.29522705 14.31700039 5.000000
38602352.49679565 3347004.32824707 14.33399963 5.000000
38602352.67077637 3347004.36322021 14.34300041 5.000000
38602352.38378906 3347004.30926514 15.08899975 5.000000
38602352.61178589 3347004.35522461 15.05300045 5.000000
38602352.54177856 3347004.34222412 15.25000000 5.000000
38602352.43280029 3347004.32122803 15.48600006 5.000000
38602346.56478882 3347003.02923584 10.90100002 5.000000
38602346.63479614 3347003.04425049 11.05399990 5.000000
38602350.58779907 3347003.83825684 10.63399982 5.000000
38602347.05978394 3347003.13122559 11.31099987 5.000000
38602350.95278931 3347003.91326904 10.91300011 5.000000
38602350.91677856 3347003.90722656 11.14400005 5.000000
38602350.75778198 3347003.87622070 11.29199982 5.000000
38602350.74679565 3347003.87426758 11.40999985 5.000000
38602350.84680176 3347003.89526367 11.50199986 5.000000
38602351.07080078 3347003.94122314 11.67300034 5.000000
38602351.04779053 3347003.93725586 11.90999985 5.000000
38602350.98577881 3347003.92724609 12.39999962 5.000000
38602347.23178101 3347003.17926025 13.88000011 5.000000
38602351.49377441 3347004.02923584 12.45199966 5.000000
38602351.60980225 3347004.05426025 12.63700008 5.000000
38602352.06079102 3347004.14526367 12.67599964 5.000000
38602352.33279419 3347004.20025635 12.88700008 5.000000
38602352.33679199 3347004.20227051 13.10999966 5.000000
38602351.89477539 3347004.11523438 13.57499981 5.000000
38602352.18777466 3347004.17523193 13.65799999 5.000000
38602348.70779419 3347003.48626709 15.79199982 5.000000
38602352.49478149 3347004.23925781 14.08899975 5.000000
38602352.53778076 3347004.24926758 14.44299984 5.000000
38602352.72180176 3347004.28723145 14.57299995 5.000000
38602352.74877930 3347004.29327393 14.68500042 5.000000
38602352.51480103 3347004.24822998 15.13899994 5.000000
38602352.02978516 3347004.15527344 15.98400021 5.000000
38602346.52380371 3347002.94024658 10.90600014 5.000000
38602346.66580200 3347002.97027588 11.21199989 5.000000
38602350.66180420 3347003.77325439 10.73799992 5.000000
38602347.12979126 3347003.06524658 11.45800018 5.000000
38602351.03479004 3347003.84924316 10.89900017 5.000000
38602351.17678833 3347003.87927246 11.09099960 5.000000
38602351.05380249 3347003.85424805 11.22799969 5.000000
38602350.91278076 3347003.82727051 11.37300014 5.000000
38602350.97378540 3347003.84222412 11.93400002 5.000000
38602351.08779907 3347003.86627197 12.13199997 5.000000
38602351.14279175 3347003.87725830 12.23099995 5.000000
38602351.56378174 3347003.96423340 12.54300022 5.000000
38602352.09179688 3347004.07226563 12.89200020 5.000000
38602352.31378174 3347004.11627197 12.90100002 5.000000
38602348.00079346 3347003.26123047 15.29100037 5.000000
38602352.24478149 3347004.10522461 13.39400005 5.000000
38602352.27877808 3347004.11224365 13.49400043 5.000000
38602352.40777588 3347004.14025879 13.77999973 5.000000
38602352.33279419 3347004.12524414 13.94799995 5.000000
38602352.14178467 3347004.08825684 14.19299984 5.000000
38602352.45678711 3347004.15124512 14.11999989 5.000000
38602352.48880005 3347004.15924072 14.35400009 5.000000
38602352.45178223 3347004.15222168 14.51000023 5.000000
38602351.27380371 3347003.92126465 15.63500023 5.000000
38602352.23880005 3347004.11322021 15.07299995 5.000000
38602352.51080322 3347004.16827393 15.14999962 5.000000
38602346.57479858 3347002.87225342 11.06200027 5.000000
38602346.82879639 3347002.92425537 11.18799973 5.000000
38602351.01577759 3347003.76525879 10.68200016 5.000000
38602350.89880371 3347003.74224854 10.81200027 5.000000
38602350.88580322 3347003.74322510 11.49600029 5.000000
38602351.00378418 3347003.76824951 11.69499969 5.000000
38602350.24578857 3347003.61822510 12.15200043 5.000000
38602350.90679932 3347003.75122070 12.07400036 5.000000
38602350.74978638 3347003.72125244 12.36499977 5.000000
38602350.77279663 3347003.72625732 12.47999954 5.000000
38602347.47879028 3347003.07122803 13.96399975 5.000000
38602347.51977539 3347003.08026123 14.11800003 5.000000
38602351.71279907 3347003.91625977 12.71800041 5.000000
38602352.24679565 3347004.02624512 13.05000019 5.000000
38602351.81979370 3347003.94226074 13.50100040 5.000000
38602352.09280396 3347004.00024414 13.97200012 5.000000
38602352.21780396 3347004.02624512 14.15100002 5.000000
38602352.30780029 3347004.04522705 14.35099983 5.000000
38602352.38278198 3347004.06024170 14.43200016 5.000000
38602352.13278198 3347004.01226807 14.73700047 5.000000
38602352.07778931 3347004.00225830 14.91499996 5.000000
38602352.47378540 3347004.08422852 15.32999992 5.000000
38602352.48678589 3347004.08721924 15.46700001 5.000000
38602352.30380249 3347004.05224609 15.77000046 5.000000
38602352.30578613 3347004.05322266 15.92399979 5.000000
38602346.52078247 3347002.78723145 11.06900024 5.000000
38602347.01577759 3347002.88922119 11.31799984 5.000000
38602347.19677734 3347002.92626953 11.44600010 5.000000
38602351.05877686 3347003.70123291 10.89599991 5.000000
38602351.17178345 3347003.72521973 11.09399986 5.000000
38602351.21078491 3347003.73425293 11.19499969 5.000000
38602351.04879761 3347003.70324707 11.56999969 5.000000
38602350.25079346 3347003.54425049 11.89999962 5.000000
38602350.12078857 3347003.52026367 12.18999958 5.000000
38602350.56777954 3347003.61022949 12.18000031 5.000000
38602350.65579224 3347003.63024902 12.64900017 5.000000
38602351.48678589 3347003.79724121 12.57900047 5.000000
38602351.88479614 3347003.87823486 12.76299953 5.000000
38602352.11877441 3347003.92523193 12.77400017 5.000000
38602352.10980225 3347003.92425537 12.89099979 5.000000
38602348.16979980 3347003.14324951 15.03899956 5.000000
38602349.68280029 3347003.44427490 14.45499992 5.000000
38602348.16879272 3347003.14624023 15.56900024 5.000000
38602352.27780151 3347003.96124268 13.50300026 5.000000
38602352.31579590 3347003.97027588 13.72299957 5.000000
38602352.26080322 3347003.96026611 13.87699986 5.000000
38602351.80978394 3347003.87524414 14.96599960 5.000000
38602351.42880249 3347003.80126953 15.38099957 5.000000
38602351.76977539 3347003.86926270 15.28699970 5.000000
38602351.90078735 3347003.89624023 15.33899975 5.000000
38602352.19277954 3347003.95422363 15.26599979 5.000000
38602352.08578491 3347003.93426514 15.49699974 5.000000
38602352.31378174 3347003.98223877 15.92500019 5.000000
38602346.24078369 3347002.65124512 10.93999958 5.000000
38602346.31878662 3347002.66723633 11.09700012 5.000000
38602346.78680420 3347002.76226807 11.19499969 5.000000
38602346.99377441 3347002.80523682 11.32299995 5.000000
38602350.47180176 3347003.50323486 10.88700008 5.000000
38602350.99877930 3347003.61126709 11.13199997 5.000000
38602351.07577515 3347003.62823486 11.34000015 5.000000
38602350.15377808 3347003.44525146 11.92899990 5.000000
38602350.29879761 3347003.47521973 12.01500034 5.000000
38602350.47579956 3347003.51226807 12.21199989 5.000000
38602351.76577759 3347003.77526855 12.81900024 5.000000
38602351.91677856 3347003.80627441 12.86800003 5.000000
38602352.02877808 3347003.82922363 13.04899979 5.000000
38602351.87078857 3347003.79925537 13.24199963 5.000000
38602352.09777832 3347003.84527588 13.36699963 5.000000
38602352.13879395 3347003.85424805 13.46500015 5.000000
38602352.19778442 3347003.86822510 13.79699993 5.000000
38602352.09478760 3347003.84826660 13.98200035 5.000000
38602352.04080200 3347003.83825684 14.14299965 5.000000
38602352.32577515 3347003.89624023 14.22299957 5.000000
38602351.71679688 3347003.77825928 15.03899956 5.000000
38602351.98880005 3347003.83526611 15.43000031 5.000000
38602352.23379517 3347003.88525391 15.53899956 5.000000
38602352.20379639 3347003.88024902 15.71599960 5.000000
38602346.29278564 3347002.57922363 10.93500042 5.000000
38602346.33178711 3347002.58825684 11.09599972 5.000000
38602350.27978516 3347003.38226318 10.68299961 5.000000
38602350.67977905 3347003.46527100 10.96899986 5.000000
38602350.81579590 3347003.49322510 11.05799961 5.000000
38602351.05877686 3347003.54327393 11.34599972 5.000000
38602351.06079102 3347003.54425049 11.45899963 5.000000
38602350.03479004 3347003.34027100 11.83699989 5.000000
38602349.61279297 3347003.25726318 12.21199989 5.000000
38602350.12377930 3347003.36022949 12.19600010 5.000000
38602350.63580322 3347003.46325684 12.16600037 5.000000
38602350.75878906 3347003.48822021 12.24899960 5.000000
38602350.74078369 3347003.48626709 12.50100040 5.000000
38602350.64077759 3347003.46722412 12.66199970 5.000000
38602350.52078247 3347003.44726563 13.35900021 5.000000
38602347.80780029 3347002.90826416 14.69699955 5.000000
38602347.93679810 3347002.93524170 14.81299973 5.000000
38602348.95977783 3347003.13922119 14.50399971 5.000000
38602349.68579102 3347003.28521729 14.46399975 5.000000
38602352.10379028 3347003.76623535 13.48999977 5.000000
38602348.53378296 3347003.06024170 15.56200027 5.000000
38602348.37377930 3347003.02923584 15.82999992 5.000000
38602352.07479858 3347003.76324463 13.87500000 5.000000
38602351.91278076 3347003.73126221 14.09799957 5.000000
38602352.37280273 3347003.82421875 14.19999981 5.000000
38602352.46078491 3347003.84222412 14.27099991 5.000000
38602352.46279907 3347003.84423828 14.53100014 5.000000
38602351.69277954 3347003.69427490 15.21000004 5.000000
38602351.95480347 3347003.74621582 15.16899967 5.000000
38602351.89077759 3347003.73522949 15.51500034 5.000000
38602352.09579468 3347003.77722168 15.50699997 5.000000
38602352.19879150 3347003.80023193 15.88599968 5.000000
38602352.23577881 3347003.80822754 16.01199913 5.000000
38602349.97879028 3347003.23126221 10.24100018 5.000000
38602350.15078735 3347003.26727295 10.46300030 5.000000
38602346.32379150 3347002.50024414 11.26599979 5.000000
38602350.40377808 3347003.32025146 10.78499985 5.000000
38602350.52380371 3347003.34527588 10.88199997 5.000000
38602350.63980103 3347003.36926270 11.09500027 5.000000
38602350.93078613 3347003.43023682 11.37899971 5.000000
38602350.96377563 3347003.43725586 11.48600006 5.000000
38602349.96978760 3347003.23925781 11.85700035 5.000000
38602349.56277466 3347003.15826416 12.09599972 5.000000
38602349.50479126 3347003.14825439 12.38300037 5.000000
38602350.46978760 3347003.34222412 12.22099972 5.000000
38602350.60177612 3347003.36926270 12.30399990 5.000000
38602350.68179321 3347003.38726807 12.52600002 5.000000
38602349.03579712 3347003.06823730 14.63500023 5.000000
38602348.06979370 3347002.87927246 15.46000004 5.000000
38602349.75277710 3347003.21423340 14.90299988 5.000000
38602350.13079834 3347003.29022217 14.85000038 5.000000
38602352.06680298 3347003.67523193 14.01399994 5.000000
38602352.24377441 3347003.71124268 14.16199970 5.000000
38602352.33178711 3347003.73022461 14.23499966 5.000000
38602352.51379395 3347003.76623535 14.24499989 5.000000
38602351.91079712 3347003.65124512 15.21000004 5.000000
38602352.05078125 3347003.67926025 15.25399971 5.000000
38602352.07379150 3347003.68725586 15.68700027 5.000000
38602352.07177734 3347003.68725586 15.84399986 5.000000
38602349.98880005 3347003.15325928 10.24199963 5.000000
38602346.43478394 3347002.44024658 10.92199993 5.000000
38602346.58178711 3347002.47125244 11.23099995 5.000000
38602349.64779663 3347003.08825684 10.90799999 5.000000
38602347.21578979 3347002.60125732 11.45199966 5.000000
38602350.63479614 3347003.28826904 10.98200035 5.000000
38602350.52078247 3347003.26623535 11.12100029 5.000000
38602350.80780029 3347003.32421875 11.18000031 5.000000
38602350.96679688 3347003.35821533 11.48900032 5.000000
38602349.64077759 3347003.09423828 12.07900047 5.000000
38602348.86178589 3347002.94122314 12.72299957 5.000000
38602350.30978394 3347003.23126221 12.40299988 5.000000
38602350.54479980 3347003.27923584 12.45300007 5.000000
38602350.68978882 3347003.30926514 12.65400028 5.000000
38602350.75979614 3347003.32525635 12.88099957 5.000000
38602350.12579346 3347003.20422363 13.96599960 5.000000
38602349.75579834 3347003.13226318 14.44299984 5.000000
38602348.48278809 3347002.88226318 15.42800045 5.000000
38602349.93777466 3347003.17126465 14.81000042 5.000000
38602350.44979858 3347003.27423096 14.67800045 5.000000
38602352.21279907 3347003.62426758 13.93500042 5.000000
38602352.45779419 3347003.67523193 14.16300011 5.000000
38602352.47879028 3347003.68127441 14.53800011 5.000000
38602352.52478027 3347003.69122314 14.63899994 5.000000
38602351.75378418 3347003.54022217 15.33500004 5.000000
38602351.78979492 3347003.55224609 16.08699989 5.000000
38602350.08578491 3347003.09326172 10.35499954 5.000000
38602350.14678955 3347003.10626221 10.46800041 5.000000
38602349.98678589 3347003.07525635 10.73299980 5.000000
38602349.99877930 3347003.07824707 10.85400009 5.000000
38602350.38079834 3347003.15625000 10.91199970 5.000000
38602350.88378906 3347003.26025391 11.28199959 5.000000
38602350.15679932 3347003.11627197 11.69099998 5.000000
38602350.03778076 3347003.09326172 11.84700012 5.000000
38602349.45178223 3347002.97924805 12.54500008 5.000000
38602349.96179199 3347003.08123779 12.52000046 5.000000
38602350.19479370 3347003.12927246 12.57499981 5.000000
38602350.10278320 3347003.11126709 12.73799992 5.000000
38602347.81680298 3347002.66223145 14.53999996 5.000000
38602347.85580444 3347002.67126465 14.69499969 5.000000
38602350.38879395 3347003.17724609 13.98900032 5.000000
38602349.83279419 3347003.06726074 14.41100025 5.000000
38602349.87979126 3347003.07922363 14.69299984 5.000000
38602351.66580200 3347003.43426514 13.87199974 5.000000
38602350.41677856 3347003.18725586 14.70499992 5.000000
38602352.25079346 3347003.55322266 14.04699993 5.000000
38602352.43078613 3347003.58923340 14.06200027 5.000000
38602351.57778931 3347003.42321777 15.02400017 5.000000
38602352.40179443 3347003.58721924 14.60000038 5.000000
38602352.39178467 3347003.58624268 14.74199963 5.000000
38602352.02279663 3347003.51525879 15.29500008 5.000000
38602352.07080078 3347003.52624512 15.55799961 5.000000
38602351.81478882 3347003.47723389 15.91699982 5.000000
38602351.88278198 3347003.49127197 16.02199936 5.000000
38602351.81579590 3347003.48022461 16.40900040 5.000000
38602350.26278687 3347003.05725098 10.57400036 5.000000
38602350.19979858 3347003.04626465 10.70300007 5.000000
38602350.42578125 3347003.09326172 10.90600014 5.000000
38602350.51678467 3347003.11224365 11.12600040 5.000000
38602350.29779053 3347003.06927490 11.29100037 5.000000
38602350.04379272 3347003.01922607 11.46899986 5.000000
38602349.96377563 3347003.00427246 11.61299992 5.000000
38602349.63778687 3347002.94024658 11.95300007 5.000000
38602348.93179321 3347002.80126953 12.56400013 5.000000
38602348.71179199 3347002.75921631 12.92599964 5.000000
38602349.99578857 3347003.01727295 12.77900028 5.000000
38602347.70278931 3347002.56622314 14.59300041 5.000000
38602350.53079224 3347003.13323975 13.92500019 5.000000
38602350.40979004 3347003.11022949 14.12699986 5.000000
38602350.00778198 3347003.03222656 14.63099957 5.000000
38602351.52780151 3347003.33422852 13.95400047 5.000000
38602350.64379883 3347003.16021729 14.58300018 5.000000
38602352.18179321 3347003.46527100 13.84200001 5.000000
38602352.26278687 3347003.48223877 13.92000008 5.000000
38602352.15179443 3347003.46124268 14.11299992 5.000000
38602351.85678101 3347003.40325928 14.42700005 5.000000
38602351.00677490 3347003.23626709 15.10999966 5.000000
38602351.01977539 3347003.24023438 15.25300026 5.000000
38602351.68078613 3347003.37121582 14.96100044 5.000000
38602352.03479004 3347003.44226074 14.86200047 5.000000
38602351.53479004 3347003.34423828 15.35799980 5.000000
38602351.96978760 3347003.43225098 15.34200001 5.000000
38602351.71780396 3347003.38726807 16.33300018 5.000000
38602350.19180298 3347002.96325684 10.46500015 5.000000
38602350.39578247 3347003.00823975 11.15299988 5.000000
38602349.98880005 3347002.92724609 11.35799980 5.000000
38602350.14077759 3347002.95922852 11.44999981 5.000000
38602350.10379028 3347002.95324707 11.71000004 5.000000
38602349.70077515 3347002.87322998 12.07299995 5.000000
38602348.84680176 3347002.70422363 12.59300041 5.000000
38602348.91079712 3347002.71826172 12.72000027 5.000000
38602348.81079102 3347002.69921875 12.89799976 5.000000
38602348.65979004 3347002.67022705 13.09700012 5.000000
38602348.73977661 3347002.68725586 13.22099972 5.000000
38602350.05380249 3347002.95422363 13.58800030 5.000000
38602347.81478882 3347002.51025391 14.72399998 5.000000
38602350.18377686 3347002.98223877 13.81299973 5.000000
38602350.12979126 3347002.97424316 14.27400017 5.000000
38602350.20480347 3347002.99023438 14.38399982 5.000000
38602350.94778442 3347003.13824463 14.13799953 5.000000
38602351.70977783 3347003.29125977 13.99100018 5.000000
38602352.08877563 3347003.36724854 14.03100014 5.000000
38602351.92077637 3347003.33526611 14.26200008 5.000000
38602351.87280273 3347003.32623291 14.42599964 5.000000
38602351.42077637 3347003.23822021 14.85200024 5.000000
38602351.10980225 3347003.17822266 15.20300007 5.000000
38602351.72277832 3347003.30224609 15.38399982 5.000000
38602351.93179321 3347003.34423828 15.38000011 5.000000
38602351.93579102 3347003.34625244 15.52799988 5.000000
38602351.87179565 3347003.33624268 15.89000034 5.000000
38602351.93078613 3347003.34826660 16.00099945 5.000000
38602349.50277710 3347002.73626709 9.78600025 5.000000
38602349.88378906 3347002.81622314 10.25800037 5.000000
38602350.15078735 3347002.87121582 10.35200024 5.000000
38602350.29879761 3347002.90222168 10.57299995 5.000000
38602350.31378174 3347002.90625000 10.68999958 5.000000
38602350.11578369 3347002.86724854 10.84200001 5.000000
38602350.30780029 3347002.90722656 11.05200005 5.000000
38602350.24679565 3347002.89624023 11.30700016 5.000000
38602350.36380005 3347002.92126465 11.52700043 5.000000
38602350.24279785 3347002.89825439 11.67899990 5.000000
38602349.69180298 3347002.78924561 12.07900047 5.000000
38602349.81878662 3347002.81524658 12.17700005 5.000000
38602348.76177979 3347002.60424805 12.62300014 5.000000
38602348.81878662 3347002.61822510 13.04899979 5.000000
38602350.20178223 3347002.90325928 13.81099987 5.000000
38602350.51977539 3347002.96722412 13.80399990 5.000000
38602350.78778076 3347003.02124023 13.81299973 5.000000
38602351.04379272 3347003.07324219 13.82199955 5.000000
38602351.00677490 3347003.06726074 14.11400032 5.000000
38602350.90179443 3347003.04724121 14.31000042 5.000000
38602351.85980225 3347003.23925781 14.04300022 5.000000
38602351.23080444 3347003.11724854 14.83500004 5.000000
38602351.82678223 3347003.23626709 14.73900032 5.000000
38602351.89379883 3347003.25024414 14.83500004 5.000000
38602351.70480347 3347003.21826172 15.71500015 5.000000
38602351.67077637 3347003.21221924 15.89999962 5.000000
38602349.65579224 3347002.68927002 10.15499973 5.000000
38602349.72277832 3347002.70422363 10.27400017 5.000000
38602350.09680176 3347002.78027344 10.35799980 5.000000
38602349.97378540 3347002.75823975 10.86499977 5.000000
38602350.17379761 3347002.80126953 11.20100021 5.000000
38602350.43878174 3347002.85821533 11.87899971 5.000000
38602349.70880127 3347002.71423340 12.34500027 5.000000
38602348.72677612 3347002.51824951 12.78400040 5.000000
38602348.54479980 3347002.48321533 12.99199963 5.000000
38602348.41580200 3347002.46624756 14.46800041 5.000000
38602350.55477905 3347002.89422607 13.79199982 5.000000
38602350.96780396 3347002.97723389 13.72999954 5.000000
38602351.29779053 3347003.04327393 13.69999981 5.000000
38602351.29779053 3347003.04522705 13.96399975 5.000000
38602351.49179077 3347003.08422852 13.99300003 5.000000
38602351.73379517 3347003.13323975 13.99100018 5.000000
38602351.77478027 3347003.14422607 14.50199986 5.000000
38602351.64578247 3347003.12023926 14.72299957 5.000000
38602351.66278076 3347003.12524414 14.99899960 5.000000
38602352.17480469 3347003.22723389 14.78999996 5.000000
38602352.17379761 3347003.22723389 14.93099976 5.000000
38602352.12579346 3347003.21923828 15.10799980 5.000000
38602351.73779297 3347003.14526367 15.69900036 5.000000
38602351.65878296 3347003.13024902 15.91800022 5.000000
38602351.91580200 3347003.18225098 15.87399960 5.000000
38602352.01278687 3347003.20227051 15.95400047 5.000000
38602349.69079590 3347002.61022949 10.40499973 5.000000
38602350.17880249 3347002.71026611 10.59200001 5.000000
38602350.25479126 3347002.72625732 10.70199966 5.000000
38602350.01879883 3347002.68023682 10.86100006 5.000000
38602350.12478638 3347002.70324707 11.09000015 5.000000
38602350.13580322 3347002.70623779 11.33500004 5.000000
38602350.42678833 3347002.76922607 11.88700008 5.000000
38602349.83477783 3347002.65124512 12.17899990 5.000000
38602349.63079834 3347002.61224365 12.50899982 5.000000
38602348.86779785 3347002.46124268 13.04100037 5.000000
38602350.16979980 3347002.72924805 13.69499969 5.000000
38602351.54879761 3347003.00622559 13.58100033 5.000000
38602351.49978638 3347002.99822998 13.73400021 5.000000
38602351.79980469 3347003.06121826 14.09200001 5.000000
38602351.87579346 3347003.07623291 14.18000031 5.000000
38602351.87680054 3347003.07727051 14.31200027 5.000000
38602351.93078613 3347003.08923340 14.41300011 5.000000
38602351.91479492 3347003.08825684 14.69699955 5.000000
38602351.91979980 3347003.08923340 14.83500004 5.000000
38602352.06777954 3347003.12023926 14.87399960 5.000000
38602352.17678833 3347003.14324951 15.08100033 5.000000
38602351.90179443 3347003.09027100 15.43200016 5.000000
38602350.54879761 3347002.82727051 16.98200035 5.000000
38602349.55978394 3347002.50024414 9.78600025 5.000000
38602349.56579590 3347002.50225830 9.91199970 5.000000
38602349.63980103 3347002.51824951 10.03400040 5.000000
38602349.50677490 3347002.49224854 10.17099953 5.000000
38602349.50878906 3347002.49322510 10.29899979 5.000000
38602349.44778442 3347002.48223877 10.43400002 5.000000
38602349.75778198 3347002.54522705 10.52600002 5.000000
38602350.13278198 3347002.62225342 10.72299957 5.000000
38602350.21978760 3347002.64227295 11.07499981 5.000000
38602346.63479614 3347001.92224121 11.90100002 5.000000
38602350.35879517 3347002.67224121 11.29199982 5.000000
38602350.29479980 3347002.66021729 11.55200005 5.000000
38602350.14578247 3347002.63122559 11.71300030 5.000000
38602350.38778687 3347002.68127441 11.77700043 5.000000
38602350.36978149 3347002.67822266 11.90600014 5.000000
38602349.58978271 3347002.52423096 12.52600002 5.000000
38602348.60278320 3347002.32824707 12.98299980 5.000000
38602350.35079956 3347002.68621826 13.62100029 5.000000
38602350.46179199 3347002.70825195 13.71000004 5.000000
38602351.39477539 3347002.89624023 13.53600025 5.000000
38602351.53179932 3347002.92425537 13.59599972 5.000000
38602351.61978149 3347002.94226074 13.68000031 5.000000
38602351.76577759 3347002.97625732 14.25300026 5.000000
38602352.20278931 3347003.06927490 15.07199955 5.000000
38602349.63580322 3347002.43725586 9.90900040 5.000000
38602349.81478882 3347002.47924805 10.77200031 5.000000
38602349.88177490 3347002.49426270 10.88799953 5.000000
38602349.97579956 3347002.51422119 11.12300014 5.000000
38602350.43579102 3347002.60821533 11.27900028 5.000000
38602350.45278931 3347002.61523438 11.76399994 5.000000
38602349.88778687 3347002.50427246 12.17199993 5.000000
38602349.70278931 3347002.46826172 12.35999966 5.000000
38602349.64477539 3347002.45727539 12.51399994 5.000000
38602348.87777710 3347002.30627441 13.04699993 5.000000
38602350.52178955 3347002.64422607 13.82800007 5.000000
38602350.42480469 3347002.62524414 14.01500034 5.000000
38602351.31277466 3347002.80322266 13.71300030 5.000000
38602351.68777466 3347002.88024902 13.90900040 5.000000
38602351.69778442 3347002.88323975 14.03400040 5.000000
38602351.56878662 3347002.85821533 14.24100018 5.000000
38602351.85778809 3347002.91723633 14.34000015 5.000000
38602351.94979858 3347002.93621826 14.41800022 5.000000
38602351.70278931 3347002.88824463 14.71300030 5.000000
38602351.84478760 3347002.91723633 14.76200008 5.000000
38602351.87878418 3347002.92523193 14.88000011 5.000000
38602348.01480103 3347002.03625488 9.72200012 5.000000
38602349.59078979 3347002.35626221 9.78600025 5.000000
38602349.57278442 3347002.35327148 9.91399956 5.000000
38602348.63677979 3347002.16522217 10.11100006 5.000000
38602349.64279175 3347002.37023926 10.28899956 5.000000
38602349.75878906 3347002.39721680 10.78199959 5.000000
38602350.02380371 3347002.45227051 10.99100018 5.000000
38602350.02279663 3347002.45324707 11.11600018 5.000000
38602350.38580322 3347002.52722168 11.29199982 5.000000
38602350.42178345 3347002.53625488 11.40600014 5.000000
38602350.35278320 3347002.52325439 11.54399967 5.000000
38602350.49978638 3347002.55426025 11.75399971 5.000000
38602350.21679688 3347002.49822998 11.95400047 5.000000
38602349.66079712 3347002.38922119 12.51200008 5.000000
38602348.76779175 3347002.21325684 13.08800030 5.000000
38602350.05877686 3347002.47827148 13.61900043 5.000000
38602350.21377563 3347002.51025391 13.69299984 5.000000
38602350.29379272 3347002.52722168 13.94099998 5.000000
38602350.34680176 3347002.53924561 14.05900002 5.000000
38602351.54577637 3347002.78326416 14.26099968 5.000000
38602352.03680420 3347002.88323975 14.36999989 5.000000
38602351.79080200 3347002.83624268 14.80399990 5.000000
38602348.32577515 3347002.01922607 9.71100044 5.000000
38602348.28479004 3347002.01226807 9.85400009 5.000000
38602349.51080322 3347002.26226807 10.04699993 5.000000
38602349.63378906 3347002.28924561 10.41899967 5.000000
38602349.26977539 3347002.21826172 10.72399998 5.000000
38602349.45977783 3347002.25726318 10.82800007 5.000000
38602349.88079834 3347002.34326172 10.89200020 5.000000
38602349.97479248 3347002.36425781 11.12800026 5.000000
38602350.37979126 3347002.44921875 11.66499996 5.000000
38602350.16778564 3347002.40924072 11.97099972 5.000000
38602348.41580200 3347002.06225586 13.05599976 5.000000
38602350.19479370 3347002.43023682 14.13899994 5.000000
38602351.48880005 3347002.68927002 13.76599979 5.000000
38602351.54479980 3347002.70123291 13.86800003 5.000000
38602351.45880127 3347002.68524170 14.04699993 5.000000
38602349.46878052 3347002.17425537 10.05099964 5.000000
38602349.73977661 3347002.22924805 10.15699959 5.000000
38602349.57479858 3347002.19921875 10.55599976 5.000000
38602349.31777954 3347002.14923096 10.85200024 5.000000
38602349.66979980 3347002.22125244 10.92800045 5.000000
38602349.62078857 3347002.21325684 11.19600010 5.000000
38602350.22079468 3347002.33526611 11.33199978 5.000000
38602350.42379761 3347002.37725830 11.41199970 5.000000
38602350.39077759 3347002.37121582 11.54199982 5.000000
38602350.35980225 3347002.36627197 11.67300034 5.000000
38602350.25479126 3347002.34527588 11.82499981 5.000000
38602349.83779907 3347002.26324463 12.06499958 5.000000
38602349.86477661 3347002.27026367 12.32299995 5.000000
38602348.41180420 3347001.98022461 12.90799999 5.000000
38602349.48278809 3347002.20324707 13.72799969 5.000000
38602349.92077637 3347002.29125977 13.68900013 5.000000
38602350.22378540 3347002.35626221 14.13199997 5.000000
38602349.95379639 3347002.30523682 14.72200012 5.000000
38602351.79080200 3347002.67425537 14.26799965 5.000000
38602349.68179321 3347002.13226318 10.16300011 5.000000
38602349.69879150 3347002.13824463 10.54199982 5.000000
38602349.26080322 3347002.05126953 10.72900009 5.000000
38602349.11578369 3347002.02624512 11.29199982 5.000000
38602349.12878418 3347002.02923584 11.42599964 5.000000
38602349.64379883 3347002.13421631 11.45600033 5.000000
38602350.17880249 3347002.24322510 11.59500027 5.000000
38602349.52978516 3347002.11425781 11.88099957 5.000000
38602349.71679688 3347002.15625000 12.50800037 5.000000
38602348.48678589 3347001.91125488 13.04199982 5.000000
38602349.49478149 3347002.11926270 13.58100033 5.000000
38602349.51080322 3347002.12322998 13.72299957 5.000000
38602350.12680054 3347002.24725342 13.60700035 5.000000
38602350.24978638 3347002.27325439 13.69499969 5.000000
38602350.30178833 3347002.28521729 13.95600033 5.000000
38602350.16979980 3347002.26025391 14.16499996 5.000000
38602350.18078613 3347002.26422119 14.30700016 5.000000
38602350.09979248 3347002.24822998 14.49899960 5.000000
38602351.34680176 3347002.49822998 14.12300014 5.000000
38602351.53378296 3347002.53625488 14.15499973 5.000000
38602351.56378174 3347002.54327393 14.27400017 5.000000
38602349.35379028 3347002.11523438 16.80999947 5.000000
38602349.73178101 3347002.06524658 10.28600025 5.000000
38602349.69277954 3347002.06024170 10.67199993 5.000000
38602349.74978638 3347002.07324219 10.91899967 5.000000
38602349.67077637 3347002.05822754 11.06099987 5.000000
38602349.50180054 3347002.02526855 11.22200012 5.000000
38602349.01678467 3347001.92926025 11.44999981 5.000000
38602348.70880127 3347001.87023926 11.94099998 5.000000
38602349.66278076 3347002.06427002 11.98400021 5.000000
38602349.77178955 3347002.08624268 12.08899975 5.000000
38602349.75778198 3347002.08526611 12.22700024 5.000000
38602349.81579590 3347002.09722900 12.34500027 5.000000
38602349.99179077 3347002.14324951 13.67000008 5.000000
38602350.10678101 3347002.17022705 14.20100021 5.000000
38602349.93978882 3347002.14025879 14.74199963 5.000000
38602349.50878906 3347002.06524658 16.34300041 5.000000
38602349.36077881 3347001.91125488 10.06200027 5.000000
38602349.64477539 3347001.97326660 10.68000031 5.000000
38602348.74978638 3347001.80023193 11.78999996 5.000000
38602349.67077637 3347001.98925781 12.11999989 5.000000
38602348.42678833 3347001.74322510 12.91399956 5.000000
38602347.49877930 3347001.55822754 13.36800003 5.000000
38602349.54479980 3347001.97625732 13.71800041 5.000000
38602349.50677490 3347001.96923828 13.88399982 5.000000
38602350.10778809 3347002.09027100 13.76799965 5.000000
38602350.26879883 3347002.12322998 13.83800030 5.000000
38602349.89978027 3347002.05224609 14.30799961 5.000000
38602349.91778564 3347002.05725098 14.45100021 5.000000
38602349.71578979 3347002.02026367 15.02900028 5.000000
38602349.41879272 3347001.96923828 16.22800064 5.000000
38602349.63177490 3347001.89624023 10.17000008 5.000000
38602349.63278198 3347001.89721680 10.29800034 5.000000
38602349.66479492 3347001.90527344 10.55000019 5.000000
38602349.58279419 3347001.89025879 10.68999958 5.000000
38602349.75180054 3347001.92626953 10.92300034 5.000000
38602349.64978027 3347001.90625000 11.06900024 5.000000
38602348.82778931 3347001.74621582 11.91800022 5.000000
38602349.54080200 3347001.89025879 11.88599968 5.000000
38602349.53878784 3347001.89123535 12.02200031 5.000000
38602349.63278198 3347001.91223145 12.26900005 5.000000
38602348.08279419 3347001.60223389 12.86699963 5.000000
38602348.13177490 3347001.61322021 13.00899982 5.000000
38602349.11279297 3347001.81726074 13.74899960 5.000000
38602349.16580200 3347001.83026123 14.03600025 5.000000
38602349.28277588 3347001.85522461 14.14000034 5.000000
38602349.38980103 3347001.87725830 14.24699974 5.000000
38602349.73178101 3347001.94824219 14.55000019 5.000000
38602349.48480225 3347001.91125488 16.19300079 5.000000
38602349.56478882 3347001.80426025 10.17700005 5.000000
38602349.59979248 3347001.81225586 10.30200005 5.000000
38602349.55780029 3347001.80523682 10.43599987 5.000000
38602349.52679443 3347001.80224609 10.96000004 5.000000
38602348.81979370 3347001.66424561 11.63700008 5.000000
38602349.00677490 3347001.70526123 12.02099991 5.000000
38602349.41778564 3347001.79022217 12.19499969 5.000000
38602348.07577515 3347001.52423096 13.02999973 5.000000
38602349.48080444 3347001.81726074 14.21100044 5.000000
38602349.71978760 3347001.86627197 14.25300026 5.000000
38602349.85479736 3347001.89422607 14.34099960 5.000000
38602349.89379883 3347001.90423584 14.62899971 5.000000
38602349.84378052 3347001.89526367 14.81200027 5.000000
38602348.34478760 3347001.48022461 10.28499985 5.000000
38602349.26977539 3347001.66827393 10.33600044 5.000000
38602349.46078491 3347001.70727539 10.44799995 5.000000
38602349.53778076 3347001.72625732 10.82999992 5.000000
38602349.42678833 3347001.70526123 11.11100006 5.000000
38602349.29379272 3347001.68621826 12.09200001 5.000000
38602349.31680298 3347001.69122314 12.22599983 5.000000
38602349.40280151 3347001.70922852 12.34099960 5.000000
38602349.29379272 3347001.68927002 12.51399994 5.000000
38602349.07778931 3347001.65423584 13.77200031 5.000000
38602349.24179077 3347001.68823242 13.85900021 5.000000
38602349.36877441 3347001.71624756 14.11200047 5.000000
38602349.69479370 3347001.78326416 14.27099991 5.000000
38602349.86578369 3347001.81927490 14.49499989 5.000000
38602348.42779541 3347001.41125488 10.27799988 5.000000
38602348.45178223 3347001.41723633 10.41899967 5.000000
38602349.02380371 3347001.53424072 10.49800014 5.000000
38602349.49679565 3347001.63122559 10.70600033 5.000000
38602349.33078003 3347001.60021973 10.99499989 5.000000
38602349.17578125 3347001.56927490 11.15600014 5.000000
38602348.86578369 3347001.51123047 11.77499962 5.000000
38602348.89578247 3347001.51824951 11.91100025 5.000000
38602349.17678833 3347001.58923340 13.73799992 5.000000
38602349.50079346 3347001.66021729 14.36800003 5.000000
38602349.80578613 3347001.72326660 14.53100014 5.000000
38602349.83078003 3347001.72924805 14.67399979 5.000000
38602349.74578857 3347001.71325684 14.87699986 5.000000
38602348.22579956 3347001.29327393 10.15200043 5.000000
38602348.40579224 3347001.33026123 10.28199959 5.000000
38602348.50277710 3347001.35223389 10.55700016 5.000000
38602349.03680420 3347001.46124268 10.63399982 5.000000
38602349.43777466 3347001.54327393 10.71599960 5.000000
38602349.51779175 3347001.56024170 10.83600044 5.000000
38602348.45779419 3347001.34826660 11.13700008 5.000000
38602349.07678223 3347001.47924805 11.87100029 5.000000
38602349.15377808 3347001.49621582 12.13500023 5.000000
38602349.20178223 3347001.50726318 12.26299953 5.000000
38602349.30178833 3347001.52923584 12.51900005 5.000000
38602348.20779419 3347001.31121826 13.00100040 5.000000
38602349.24578857 3347001.52722168 13.71399975 5.000000
38602349.29678345 3347001.54022217 14.15600014 5.000000
38602349.16378784 3347001.51525879 14.37300014 5.000000
38602349.45077515 3347001.57421875 14.39799976 5.000000
38602349.54379272 3347001.59326172 14.51000023 5.000000
38602349.77380371 3347001.64025879 14.55300045 5.000000
38602349.79379272 3347001.64526367 14.69999981 5.000000
38602348.66677856 3347001.31024170 10.53999996 5.000000
38602348.73577881 3347001.32525635 10.67199993 5.000000
38602348.67678833 3347001.31524658 10.96199989 5.000000
38602348.69079590 3347001.31927490 11.10200024 5.000000
38602348.71478271 3347001.32727051 11.52499962 5.000000
38602348.77279663 3347001.34027100 11.65699959 5.000000
38602348.67977905 3347001.32324219 11.96700001 5.000000
38602348.86380005 3347001.36224365 12.21199989 5.000000
38602348.14678955 3347001.22326660 13.02299976 5.000000
38602349.26577759 3347001.45727539 13.86400032 5.000000
38602349.36279297 3347001.48223877 14.60400009 5.000000
38602349.45379639 3347001.50225830 14.72000027 5.000000
38602348.17977905 3347001.13922119 10.44900036 5.000000
38602348.84579468 3347001.27923584 11.07900047 5.000000
38602348.86178589 3347001.28723145 11.78299999 5.000000
38602348.82678223 3347001.28326416 12.07999992 5.000000
38602348.77780151 3347001.27423096 12.23799992 5.000000
38602349.23278809 3347001.36627197 12.26099968 5.000000
38602347.99179077 3347001.12023926 12.91499996 5.000000
38602348.08477783 3347001.14025879 13.04599953 5.000000
38602349.17480469 3347001.36926270 14.06299973 5.000000
38602349.33078003 3347001.40222168 14.30700016 5.000000
38602348.53277588 3347001.13525391 10.55700016 5.000000
38602348.68377686 3347001.16625977 10.68099976 5.000000
38602348.89578247 3347001.21124268 10.93200016 5.000000
38602348.79577637 3347001.20025635 12.08899975 5.000000
38602348.14077759 3347001.07025146 12.56000042 5.000000
38602348.03079224 3347001.04925537 12.74800014 5.000000
38602348.08877563 3347001.06225586 12.88899994 5.000000
38602349.24179077 3347001.30426025 13.88300037 5.000000
38602349.23178101 3347001.30322266 14.04199982 5.000000
38602349.20678711 3347001.29925537 14.21000004 5.000000
38602349.38079834 3347001.33825684 14.60599995 5.000000
38602348.91979980 3347001.13726807 10.79199982 5.000000
38602348.94879150 3347001.14324951 10.92700005 5.000000
38602348.94979858 3347001.14624023 11.20499992 5.000000
38602348.72879028 3347001.10522461 11.81799984 5.000000
38602348.39477539 3347001.03924561 12.04199982 5.000000
38602348.48577881 3347001.05926514 12.17000008 5.000000
38602348.22677612 3347001.00921631 12.54100037 5.000000
38602348.13677979 3347000.99224854 12.72200012 5.000000
38602349.08877563 3347001.19726563 14.26900005 5.000000
38602348.13980103 3347000.89227295 10.60499954 5.000000
38602348.71578979 3347001.01123047 10.82299995 5.000000
38602349.05178833 3347001.08123779 11.05200005 5.000000
38602348.97378540 3347001.06823730 11.48499966 5.000000
38602348.85379028 3347001.04522705 11.65100002 5.000000
38602348.15078735 3347000.90924072 12.56599998 5.000000
38602347.97778320 3347000.87622070 12.77200031 5.000000
38602348.31277466 3347000.85021973 10.73400021 5.000000
38602348.49478149 3347000.88726807 10.85499954 5.000000
38602348.73779297 3347000.93823242 10.96300030 5.000000
38602349.03878784 3347001.00323486 11.47500038 5.000000
38602348.44180298 3347000.88623047 12.03800011 5.000000
38602347.89880371 3347000.77825928 12.32199955 5.000000
38602348.21478271 3347000.84222412 12.39799976 5.000000
38602347.95178223 3347000.79223633 12.78299999 5.000000
38602348.28778076 3347000.76824951 10.73900032 5.000000
38602349.05877686 3347000.93023682 11.33500004 5.000000
38602349.00677490 3347000.92022705 11.48499966 5.000000
38602349.00979614 3347000.92224121 11.62500000 5.000000
38602348.88479614 3347000.89825439 11.79399967 5.000000
38602348.08877563 3347000.74023438 12.27900028 5.000000
38602348.44879150 3347000.73126221 10.72000027 5.000000
38602348.66278076 3347000.77526855 10.83600044 5.000000
38602349.05078125 3347000.85626221 11.05900002 5.000000
38602348.96578979 3347000.84124756 11.35400009 5.000000
38602348.41278076 3347000.73321533 12.05099964 5.000000
38602348.10980225 3347000.67523193 12.43200016 5.000000
38602348.08279419 3347000.67126465 12.75300026 5.000000
38602348.55578613 3347000.67724609 10.85200024 5.000000
38602349.00378418 3347000.76922607 11.06900024 5.000000
38602348.10980225 3347000.59423828 11.97099972 5.000000
38602348.38177490 3347000.65026855 12.06099987 5.000000
38602348.88778687 3347000.66723633 10.94900036 5.000000
38602348.95880127 3347000.68322754 11.07800007 5.000000
38602349.04678345 3347000.70324707 11.34300041 5.000000
38602349.02078247 3347000.69824219 11.48799992 5.000000
38602348.91479492 3347000.67822266 11.65200043 5.000000
38602348.23880005 3347000.54425049 12.09700012 5.000000
38602348.06680298 3347000.51025391 12.29300022 5.000000
38602348.03277588 3347000.50427246 12.45800018 5.000000
38602348.00677490 3347000.50024414 12.62300014 5.000000
38602348.98977661 3347000.60925293 11.35599995 5.000000
38602346.97677612 3347000.20526123 12.22799969 5.000000
38602348.71679688 3347000.46722412 10.97900009 5.000000
38602348.85079956 3347000.49523926 11.10000038 5.000000
38602348.96078491 3347000.51824951 11.22299957 5.000000
38602347.66180420 3347000.25921631 12.07999992 5.000000
38602347.95178223 3347000.32025146 12.32900047 5.000000
38602347.96377563 3347000.32421875 12.48400021 5.000000
38602348.70480347 3347000.38824463 10.84099960 5.000000
38602348.83679199 3347000.41522217 10.96399975 5.000000
38602349.08380127 3347000.46923828 11.48600006 5.000000
38602347.87979126 3347000.22924805 12.19299984 5.000000
38602348.00277710 3347000.25622559 12.47900009 5.000000
38602347.49639893 3347005.29278564 7.49800014 5.000000
38602347.46078491 3347005.52624512 7.53200006 5.000000
38602351.75778198 3347002.98522949 15.86200047 5.000000
38602352.06579590 3347002.96423340 15.03600025 5.000000
38602352.03680420 3347002.95922852 15.20199966 5.000000
38602351.72677612 3347002.89923096 15.58199978 5.000000
38602351.67379761 3347002.89025879 15.77799988 5.000000
38602351.94778442 3347002.87023926 15.12800026 5.000000
38602351.82778931 3347002.84826660 15.36299992 5.000000
38602352.10778809 3347002.81927490 14.46800041 5.000000
38602351.82479858 3347002.76422119 14.78999996 5.000000
38602351.80877686 3347002.76226807 14.94400024 5.000000
38602351.84179688 3347002.76922607 15.06599998 5.000000
38602351.70278931 3347002.74426270 15.46399975 5.000000
38602351.69677734 3347002.74426270 15.62199974 5.000000
38602351.95178223 3347002.70623779 14.30500031 5.000000
38602352.09280396 3347002.73522949 14.35099983 5.000000
38602352.04177856 3347002.72723389 14.65499973 5.000000
38602351.77679443 3347002.67626953 14.97399998 5.000000
38602351.78079224 3347002.67822266 15.11699963 5.000000
38602351.69879150 3347002.66326904 15.32400036 5.000000
38602352.07678223 3347002.64825439 14.50500011 5.000000
38602351.74179077 3347002.58422852 15.00699997 5.000000
38602351.93978882 3347002.54223633 14.32800007 5.000000
38602352.06079102 3347002.56823730 14.52299976 5.000000
38602351.52078247 3347002.37927246 14.17500019 5.000000
38602351.48278809 3347002.37322998 14.33300018 5.000000
38602351.94879150 3347002.46826172 14.46399975 5.000000
38602349.47079468 3347001.27423096 14.25399971 5.000000
38602349.35580444 3347001.25323486 14.46500015 5.000000
38602349.17279053 3346996.66021729 14.90100002 5.000000
38602347.29040527 3347005.63281250 7.27199984 1.000000
38602347.51638794 3347005.46179199 7.29799986 1.000000
38602347.50439453 3347005.30975342 7.29400015 1.000000
38602347.36437988 3347005.24078369 7.27400017 1.000000
38602347.91839600 3347003.92077637 7.31899977 1.000000
38602347.72940063 3347003.78375244 7.29099989 1.000000
38602347.93280029 3347004.27026367 7.28499985 1.000000
38602347.90878296 3347004.09826660 7.28200006 1.000000
