38602352.93554688 3347181.65850830 10.93999958 5.000000
38602350.14654541 3347181.24450684 11.05399990 5.000000
38602351.58352661 3347181.31353760 13.70699978 5.000000
38602350.18554688 3347181.14550781 11.05599976 5.000000
38602350.11053467 3347181.13653564 10.87699986 5.000000
38602350.68054199 3347181.19848633 10.75300026 5.000000
38602352.81253052 3347181.43249512 10.72299957 5.000000
38602351.63253784 3347181.21850586 13.71599960 5.000000
38602350.31253052 3347181.06848145 12.82600021 5.000000
38602350.52954102 3347181.09149170 12.69299984 5.000000
38602350.72055054 3347181.11151123 12.55000019 5.000000
38602350.34054565 3347181.06451416 11.41699982 5.000000
38602350.23852539 3347181.05053711 11.05900002 5.000000
38602351.65252686 3347181.12854004 13.71700001 5.000000
38602350.28253174 3347180.97552490 13.17599964 5.000000
38602350.19253540 3347180.96350098 12.79599953 5.000000
38602349.84652710 3347180.92248535 12.37199974 5.000000
38602349.69552612 3347180.90551758 12.17199993 5.000000
38602350.14352417 3347180.95153809 11.56200027 5.000000
38602350.26452637 3347180.96350098 11.40600014 5.000000
38602350.24853516 3347180.96051025 11.05799961 5.000000
38602350.35653687 3347180.97052002 10.89599991 5.000000
38602353.63653564 3347181.32849121 10.35599995 5.000000
38602350.83053589 3347180.93548584 13.49800014 5.000000
38602350.14453125 3347180.85852051 13.13899994 5.000000
38602350.12854004 3347180.85552979 12.95600033 5.000000
38602350.26452637 3347180.87048340 12.80900002 5.000000
38602350.40454102 3347180.88452148 12.65999985 5.000000
38602350.59652710 3347180.90551758 12.52000046 5.000000
38602349.99554443 3347180.83251953 11.36900043 5.000000
38602350.03454590 3347180.83551025 11.03499985 5.000000
38602353.50152588 3347181.21252441 10.34899998 5.000000
38602353.76254272 3347181.24053955 10.14900017 5.000000
38602350.29354858 3347180.77148438 12.81299973 5.000000
38602350.85153198 3347180.83148193 12.56900024 5.000000
38602349.68453979 3347180.70153809 12.16600037 5.000000
38602349.68554688 3347180.70050049 11.99699974 5.000000
38602353.45452881 3347181.10650635 10.55500031 5.000000
38602352.80255127 3347181.03350830 10.31799984 5.000000
38602350.73052979 3347180.71551514 13.65299988 5.000000
38602350.21154785 3347180.65649414 13.32900047 5.000000
38602350.09454346 3347180.64251709 13.11900043 5.000000
38602350.11654663 3347180.64453125 12.94699955 5.000000
38602350.16354370 3347180.64849854 12.77999973 5.000000
38602350.31353760 3347180.66448975 12.63599968 5.000000
38602350.80053711 3347180.71649170 12.55500031 5.000000
38602349.81152344 3347180.60650635 12.18700027 5.000000
38602350.15054321 3347180.63549805 10.70499992 5.000000
38602350.29153442 3347180.65051270 10.54500008 5.000000
38602350.37854004 3347180.65948486 10.37899971 5.000000
38602352.66754150 3347180.91052246 10.31099987 5.000000
38602350.70755005 3347180.61053467 13.45400047 5.000000
38602350.13253784 3347180.54553223 13.12500000 5.000000
38602350.10952759 3347180.54248047 12.94099998 5.000000
38602350.13653564 3347180.54449463 12.77099991 5.000000
38602350.23355103 3347180.55352783 12.43799973 5.000000
38602349.86254883 3347180.51153564 12.19299984 5.000000
38602349.68652344 3347180.48950195 11.82400036 5.000000
38602349.69354248 3347180.48950195 11.65799999 5.000000
38602349.60855103 3347180.47949219 11.47999954 5.000000
38602350.18853760 3347180.53948975 10.87600040 5.000000
38602350.15853882 3347180.53552246 10.70400047 5.000000
38602350.27053833 3347180.54748535 10.54199982 5.000000
38602351.54553223 3347180.68652344 10.44400024 5.000000
38602352.05953979 3347180.66748047 14.62800026 5.000000
38602350.67254639 3347180.51049805 13.62699986 5.000000
38602350.75354004 3347180.51849365 13.46100044 5.000000
38602350.30554199 3347180.46649170 12.98299980 5.000000
38602350.17852783 3347180.44952393 12.42300034 5.000000
38602349.64154053 3347180.38653564 11.64700031 5.000000
38602349.52954102 3347180.37249756 11.46500015 5.000000
38602350.03353882 3347180.42749023 11.36600018 5.000000
38602352.57254028 3347180.70550537 11.29199982 5.000000
38602350.20654297 3347180.44348145 10.87500000 5.000000
38602350.22354126 3347180.44451904 10.70600033 5.000000
38602350.19152832 3347180.44049072 10.53400040 5.000000
38602351.36352539 3347180.56848145 10.43200016 5.000000
38602352.43554688 3347180.62152100 15.38700008 5.000000
38602351.86154175 3347180.55651855 14.97500038 5.000000
38602352.20755005 3347180.59350586 14.88000011 5.000000
38602352.06555176 3347180.57653809 14.62399960 5.000000
38602352.50753784 3347180.62451172 14.54800034 5.000000
38602350.44152832 3347180.39050293 13.19200039 5.000000
38602350.23355103 3347180.36352539 12.43000031 5.000000
38602349.71054077 3347180.30450439 12.15600014 5.000000
38602349.71853638 3347180.30450439 11.98900032 5.000000
38602349.57855225 3347180.28649902 11.63399982 5.000000
38602350.98254395 3347180.43951416 11.48400021 5.000000
38602351.07354736 3347180.44848633 11.31400013 5.000000
38602350.86453247 3347180.42449951 11.11100006 5.000000
38602350.27453613 3347180.35650635 10.53699970 5.000000
38602351.53955078 3347180.49450684 10.43900013 5.000000
38602351.45852661 3347180.48449707 10.25100040 5.000000
38602353.28054810 3347180.68450928 10.12800026 5.000000
38602352.42553711 3347180.52252197 15.37699986 5.000000
38602352.08154297 3347180.48150635 14.83199978 5.000000
38602351.92654419 3347180.46350098 14.57400036 5.000000
38602351.96655273 3347180.46649170 14.38000011 5.000000
38602350.68753052 3347180.32049561 13.43400002 5.000000
38602350.49954224 3347180.29852295 13.20100021 5.000000
38602350.33255005 3347180.27947998 12.97999954 5.000000
38602350.26754761 3347180.27050781 12.78600025 5.000000
38602350.10855103 3347180.25250244 12.57499981 5.000000
38602349.73254395 3347180.20452881 11.48700047 5.000000
38602351.07153320 3347180.35052490 11.49199963 5.000000
38602351.86352539 3347180.43750000 11.40200043 5.000000
38602351.83154297 3347180.43249512 11.20899963 5.000000
38602350.43154907 3347180.27752686 10.89000034 5.000000
38602350.47552490 3347180.28051758 10.72099972 5.000000
38602350.54754639 3347180.28649902 10.38000011 5.000000
38602351.72753906 3347180.41552734 10.26099968 5.000000
38602351.90252686 3347180.36248779 14.56099987 5.000000
38602349.92654419 3347180.14154053 13.76399994 5.000000
38602352.89755249 3347180.47052002 14.43700027 5.000000
38602350.56753540 3347180.21051025 13.58300018 5.000000
38602350.74954224 3347180.22851563 13.25899982 5.000000
38602350.15353394 3347180.15850830 12.58100033 5.000000
38602349.75854492 3347180.11248779 12.15799999 5.000000
38602349.66854858 3347180.10052490 11.80700016 5.000000
38602349.60952759 3347180.09252930 11.63199997 5.000000
38602349.77655029 3347180.11053467 11.48999977 5.000000
38602351.31353760 3347180.27850342 11.52000046 5.000000
38602351.60653687 3347180.31048584 11.36999989 5.000000
38602351.49655151 3347180.29650879 11.17199993 5.000000
38602350.45852661 3347180.18048096 10.71800041 5.000000
38602350.47854614 3347180.17950439 10.37500000 5.000000
38602351.33453369 3347180.27252197 10.24100018 5.000000
38602353.32153320 3347180.49053955 10.12600040 5.000000
38602353.19952393 3347180.47552490 9.91800022 5.000000
38602351.91552734 3347180.26751709 15.18700027 5.000000
38602351.83352661 3347180.25750732 14.94900036 5.000000
38602352.04052734 3347180.27850342 14.80799961 5.000000
38602350.24353027 3347180.07452393 13.67099953 5.000000
38602350.40853882 3347180.09149170 13.53499985 5.000000
38602350.35354614 3347180.08453369 13.33699989 5.000000
38602350.51553345 3347180.10150146 13.19699955 5.000000
38602351.08953857 3347180.16351318 13.15100002 5.000000
38602350.45755005 3347180.09252930 12.82100010 5.000000
38602350.35253906 3347180.07952881 12.61999989 5.000000
38602349.89852905 3347180.02850342 12.35200024 5.000000
38602349.87155151 3347180.01953125 11.50100040 5.000000
38602352.04653931 3347180.25848389 11.61200047 5.000000
38602351.23052979 3347180.16552734 11.14200020 5.000000
38602350.59454346 3347180.09448242 10.90200043 5.000000
38602350.38952637 3347180.07049561 10.71100044 5.000000
38602350.58352661 3347180.09051514 10.55300045 5.000000
38602351.28555298 3347180.16650391 10.42000008 5.000000
38602353.37454224 3347180.39453125 10.12699986 5.000000
38602352.01052856 3347180.16748047 14.79500008 5.000000
38602350.05255127 3347179.94848633 13.97599983 5.000000
38602349.91455078 3347179.93151855 13.75300026 5.000000
38602350.19055176 3347179.96148682 13.65400028 5.000000
38602350.31054688 3347179.97351074 13.50500011 5.000000
38602350.39352417 3347179.97949219 13.16499996 5.000000
38602350.40252686 3347179.97851563 12.80700016 5.000000
38602350.53054810 3347179.99151611 12.65600014 5.000000
38602350.10052490 3347179.94250488 12.39099979 5.000000
38602353.88253784 3347180.36053467 12.92800045 5.000000
38602349.76754761 3347179.90350342 11.98700047 5.000000
38602349.56652832 3347179.87854004 11.62199974 5.000000
38602349.98254395 3347179.92352295 11.51599979 5.000000
38602351.84054565 3347180.12750244 11.58500004 5.000000
38602350.95153809 3347180.02648926 11.11299992 5.000000
38602351.13253784 3347180.04351807 10.59200001 5.000000
38602351.35855103 3347180.06549072 10.24300003 5.000000
38602351.32553101 3347180.06048584 10.06000042 5.000000
38602352.71252441 3347180.15051270 15.68099976 5.000000
38602352.03253174 3347180.07250977 15.22000027 5.000000
38602351.90353394 3347180.05651855 14.96500015 5.000000
38602352.44653320 3347180.11553955 14.93400002 5.000000
38602349.98452759 3347179.83953857 13.95100021 5.000000
38602350.15454102 3347179.85552979 13.46000004 5.000000
38602350.07153320 3347179.84448242 13.25899982 5.000000
38602350.09854126 3347179.84649658 13.08800030 5.000000
38602350.47152710 3347179.88653564 13.00000000 5.000000
38602350.33154297 3347179.86950684 12.78899956 5.000000
38602350.31353760 3347179.86553955 12.43099976 5.000000
38602350.35455322 3347179.86853027 12.26399994 5.000000
38602350.32153320 3347179.85852051 11.39000034 5.000000
38602351.24655151 3347179.95953369 11.32600021 5.000000
38602350.74954224 3347179.90350342 11.09200001 5.000000
38602350.57952881 3347179.88348389 10.89999962 5.000000
38602350.49453735 3347179.87353516 10.72000027 5.000000
38602350.63952637 3347179.88848877 10.55799961 5.000000
38602351.44354248 3347179.97448730 10.24699974 5.000000
38602351.37454224 3347179.96551514 10.06200027 5.000000
38602352.04354858 3347179.97753906 15.43299961 5.000000
38602352.64654541 3347180.04052734 14.99400043 5.000000
38602349.97152710 3347179.74053955 13.94299984 5.000000
38602350.18252563 3347179.76251221 13.82499981 5.000000
38602350.07952881 3347179.74853516 13.43500042 5.000000
38602349.88854980 3347179.72650146 13.20699978 5.000000
38602350.33654785 3347179.77252197 12.78699970 5.000000
38602353.55554199 3347180.12854004 13.29199982 5.000000
38602350.30255127 3347179.76550293 12.25100040 5.000000
38602350.35354614 3347179.76953125 12.08600044 5.000000
38602349.67352295 3347179.69250488 11.63500023 5.000000
38602350.07452393 3347179.73553467 11.52600002 5.000000
38602354.85052490 3347180.26153564 11.96700001 5.000000
38602351.46954346 3347179.88653564 11.35000038 5.000000
38602350.81054688 3347179.81250000 11.09700012 5.000000
38602350.57153320 3347179.78253174 10.55200005 5.000000
38602351.32754517 3347179.86450195 10.42199993 5.000000
38602351.25854492 3347179.85650635 10.23799992 5.000000
38602351.37353516 3347179.86651611 9.88000011 5.000000
38602351.96453857 3347179.87652588 15.39900017 5.000000
38602351.83654785 3347179.86053467 15.14200020 5.000000
38602352.16455078 3347179.89648438 15.04399967 5.000000
38602352.28753662 3347179.90850830 14.87300014 5.000000
38602350.09652710 3347179.66149902 13.79599953 5.000000
38602350.03054810 3347179.64953613 13.06499958 5.000000
38602350.42355347 3347179.69152832 12.98200035 5.000000
38602350.14053345 3347179.65850830 12.73999977 5.000000
38602353.32354736 3347180.01049805 13.24100018 5.000000
38602350.32153320 3347179.67651367 12.42800045 5.000000
38602350.44854736 3347179.68853760 12.10000038 5.000000
38602349.71752930 3347179.60650635 11.80500031 5.000000
38602349.98153687 3347179.63348389 11.51099968 5.000000
38602351.36053467 3347179.78448486 11.52000046 5.000000
38602351.36352539 3347179.78350830 11.33600044 5.000000
38602350.70755005 3347179.70953369 11.08500004 5.000000
38602350.52255249 3347179.68853760 10.89299965 5.000000
38602350.56954956 3347179.69152832 10.72399998 5.000000
38602350.60052490 3347179.69451904 10.55300045 5.000000
38602354.23052979 3347180.09252930 10.58699989 5.000000
38602350.48754883 3347179.67852783 10.03199959 5.000000
38602352.02655029 3347179.78448486 15.63000011 5.000000
38602351.53955078 3347179.72851563 15.23799992 5.000000
38602351.52053833 3347179.72448730 15.02600002 5.000000
38602350.17852783 3347179.57250977 14.18200016 5.000000
38602349.89755249 3347179.53948975 13.91100025 5.000000
38602350.02352905 3347179.55249023 13.76900005 5.000000
38602349.87652588 3347179.53552246 13.54800034 5.000000
38602350.03652954 3347179.55151367 13.41499996 5.000000
38602349.91552734 3347179.53552246 13.03199959 5.000000
38602350.13854980 3347179.55950928 12.91100025 5.000000
38602349.99353027 3347179.54248047 12.70300007 5.000000
38602350.10052490 3347179.55249023 12.55300045 5.000000
38602353.96353149 3347179.97650146 12.71500015 5.000000
38602351.51354980 3347179.70153809 11.72299957 5.000000
38602351.47552490 3347179.69653320 11.53199959 5.000000
38602350.87353516 3347179.62854004 11.27700043 5.000000
38602353.80154419 3347179.94750977 10.98200035 5.000000
38602350.57052612 3347179.59051514 10.55000019 5.000000
38602350.41854858 3347179.57250977 10.36900043 5.000000
38602351.94952393 3347179.67449951 15.59500027 5.000000
38602352.11953735 3347179.68951416 15.01799965 5.000000
38602349.98153687 3347179.44952393 14.11200047 5.000000
38602350.14453125 3347179.46551514 13.80000019 5.000000
38602350.22653198 3347179.47149658 13.46300030 5.000000
38602350.01153564 3347179.44653320 13.22700024 5.000000
38602350.06353760 3347179.44848633 12.71500015 5.000000
38602350.30953979 3347179.47351074 12.41800022 5.000000
38602350.34954834 3347179.47753906 12.25100040 5.000000
38602350.33352661 3347179.47351074 12.07400036 5.000000
38602350.51052856 3347179.49249268 11.92899990 5.000000
38602350.50152588 3347179.49053955 11.75300026 5.000000
38602351.43554688 3347179.59252930 11.70899963 5.000000
38602350.47552490 3347179.48449707 11.40200043 5.000000
38602350.53753662 3347179.49053955 11.23600006 5.000000
38602350.53353882 3347179.48852539 11.06200027 5.000000
38602350.59353638 3347179.49450684 10.89500046 5.000000
38602350.64154053 3347179.49853516 10.72599983 5.000000
38602350.33053589 3347179.46252441 10.53199959 5.000000
38602350.19952393 3347179.44750977 10.35499954 5.000000
38602350.26654053 3347179.45349121 10.18999958 5.000000
38602350.50955200 3347179.47753906 9.85900021 5.000000
38602351.77255249 3347179.54449463 15.52200031 5.000000
38602351.47152710 3347179.50952148 15.20199966 5.000000
38602351.43954468 3347179.50451660 14.98600006 5.000000
38602351.47552490 3347179.50750732 14.79500008 5.000000
38602349.93554688 3347179.33453369 14.09300041 5.000000
38602349.87554932 3347179.32653809 13.89400005 5.000000
38602350.05053711 3347179.34448242 13.76799965 5.000000
38602349.88055420 3347179.32452393 13.53999996 5.000000
38602350.05853271 3347179.34051514 13.06000042 5.000000
38602350.46954346 3347179.38549805 12.98200035 5.000000
38602350.05453491 3347179.33752441 12.71000004 5.000000
38602353.62353516 3347179.73248291 13.29399967 5.000000
38602350.44354248 3347179.37548828 11.91600037 5.000000
38602350.18154907 3347179.34552002 11.70300007 5.000000
38602350.16854858 3347179.34252930 11.53100014 5.000000
38602350.54855347 3347179.38348389 11.40999985 5.000000
38602350.49752808 3347179.37548828 11.05799961 5.000000
38602350.63153076 3347179.38848877 10.89799976 5.000000
38602350.52853394 3347179.37652588 10.71599960 5.000000
38602350.23953247 3347179.34350586 10.52499962 5.000000
38602350.13854980 3347179.33148193 10.35099983 5.000000
38602350.25253296 3347179.34252930 10.18999958 5.000000
38602350.45852661 3347179.36450195 10.02900028 5.000000
38602353.28652954 3347179.67352295 9.92000008 5.000000
38602351.65954590 3347179.43249512 15.68599987 5.000000
38602351.59854126 3347179.42449951 15.45199966 5.000000
38602353.05853271 3347179.58050537 14.88399982 5.000000
38602349.96154785 3347179.23449707 13.73799992 5.000000
38602349.97955322 3347179.23449707 13.38799953 5.000000
38602350.07452393 3347179.24353027 13.23700047 5.000000
38602350.23654175 3347179.25952148 12.92399979 5.000000
38602350.11053467 3347179.24249268 12.54699993 5.000000
38602350.33255005 3347179.26654053 12.41800022 5.000000
38602350.34353638 3347179.26654053 12.24600029 5.000000
38602350.37054443 3347179.26849365 12.07600021 5.000000
38602350.20355225 3347179.24853516 11.87600040 5.000000
38602349.90353394 3347179.21453857 11.65900040 5.000000
38602349.98355103 3347179.22149658 11.50399971 5.000000
38602350.48654175 3347179.27551270 11.22799969 5.000000
38602350.37054443 3347179.26153564 11.04399967 5.000000
38602354.41952515 3347179.70648193 11.24699974 5.000000
38602353.71752930 3347179.62750244 10.97299957 5.000000
38602350.97753906 3347179.32153320 10.04599953 5.000000
38602351.64254761 3347179.33050537 15.67500019 5.000000
38602351.54354858 3347179.31848145 15.42700005 5.000000
38602351.62854004 3347179.32653809 15.25000000 5.000000
38602351.56054688 3347179.31750488 15.02000046 5.000000
38602351.52655029 3347179.31250000 14.80500031 5.000000
38602351.74752808 3347179.33648682 14.67500019 5.000000
38602350.23553467 3347179.16650391 13.99899960 5.000000
38602350.05453491 3347179.14550781 13.76200008 5.000000
38602349.95755005 3347179.13049316 13.20300007 5.000000
38602350.13754272 3347179.14849854 12.89900017 5.000000
38602349.99453735 3347179.13153076 12.69200039 5.000000
38602350.08853149 3347179.14050293 12.53999996 5.000000
38602350.17553711 3347179.14953613 12.38500023 5.000000
38602350.31353760 3347179.16351318 12.23799992 5.000000
38602350.51953125 3347179.18548584 12.10099983 5.000000
38602349.91854858 3347179.11749268 11.82699966 5.000000
38602349.83255005 3347179.10748291 11.64700031 5.000000
38602350.02554321 3347179.12750244 11.50800037 5.000000
38602350.38253784 3347179.16552734 11.38599968 5.000000
38602350.37554932 3347179.16253662 11.04399967 5.000000
38602350.39852905 3347179.16351318 10.87500000 5.000000
38602350.68753052 3347179.19451904 10.72900009 5.000000
38602350.15753174 3347179.13452148 10.35200024 5.000000
38602350.32354736 3347179.15051270 10.02499962 5.000000
38602350.98553467 3347179.22149658 9.87100029 5.000000
38602353.25054932 3347179.46850586 9.71800041 5.000000
38602351.63153076 3347179.23449707 15.45499992 5.000000
38602351.61254883 3347179.23052979 15.03400040 5.000000
38602351.86953735 3347179.25750732 14.91600037 5.000000
38602350.56555176 3347179.11053467 14.28600025 5.000000
38602350.53253174 3347179.10552979 14.08800030 5.000000
38602350.10153198 3347179.05450439 13.41499996 5.000000
38602350.05853271 3347179.04852295 13.22700024 5.000000
38602350.12554932 3347179.05450439 13.06799984 5.000000
38602350.51254272 3347179.09149170 12.27299976 5.000000
38602349.99453735 3347179.03350830 12.00699997 5.000000
38602350.51953125 3347179.08551025 11.22999954 5.000000
38602350.44454956 3347179.07653809 11.05000019 5.000000
38602353.70953369 3347179.43450928 11.18000031 5.000000
38602350.84753418 3347179.11853027 10.74100018 5.000000
38602350.28753662 3347179.05548096 10.52700043 5.000000
38602353.25354004 3347179.37548828 9.71800041 5.000000
38602351.60855103 3347179.13452148 15.86200047 5.000000
38602351.73052979 3347179.14752197 15.69799995 5.000000
38602351.26754761 3347179.09448242 15.31200027 5.000000
38602351.26254272 3347179.09252930 15.10700035 5.000000
38602351.72653198 3347179.14251709 15.06900024 5.000000
38602350.49853516 3347179.00451660 14.44799995 5.000000
38602350.67852783 3347179.02050781 13.94099998 5.000000
38602350.34155273 3347178.98150635 13.65799999 5.000000
38602350.55053711 3347179.00250244 13.35200024 5.000000
38602350.03454590 3347178.94348145 12.86699963 5.000000
38602350.01654053 3347178.93951416 12.68999958 5.000000
38602350.02352905 3347178.93951416 12.52000046 5.000000
38602350.16152954 3347178.95349121 12.37600040 5.000000
38602350.46752930 3347178.98651123 12.26200008 5.000000
38602349.87652588 3347178.91851807 11.81599998 5.000000
38602349.89352417 3347178.91949463 11.65200043 5.000000
38602349.92553711 3347178.92150879 11.48999977 5.000000
38602350.19354248 3347178.95050049 11.35900021 5.000000
38602350.53955078 3347178.98748779 11.22999954 5.000000
38602350.45553589 3347178.97650146 11.04899979 5.000000
38602353.71752930 3347179.33551025 11.17899990 5.000000
38602350.44952393 3347178.97253418 10.53699970 5.000000
38602353.74554443 3347179.33251953 10.34700012 5.000000
38602353.51754761 3347179.30651855 10.13099957 5.000000
38602353.14553833 3347179.26452637 9.91800022 5.000000
38602351.56854248 3347179.03051758 15.83899975 5.000000
38602351.45452881 3347179.01251221 14.96700001 5.000000
38602350.55255127 3347178.91052246 14.46000004 5.000000
38602350.48553467 3347178.90148926 14.25000000 5.000000
38602350.38854980 3347178.88952637 14.03299999 5.000000
38602353.48153687 3347179.23248291 14.77499962 5.000000
38602350.53253174 3347178.90252686 13.70699978 5.000000
38602350.37252808 3347178.88348389 13.47999954 5.000000
38602350.41455078 3347178.88751221 13.31099987 5.000000
38602350.22552490 3347178.86553955 13.08500004 5.000000
38602349.92352295 3347178.83050537 12.83699989 5.000000
38602349.91952515 3347178.82849121 12.66399956 5.000000
38602349.96554565 3347178.83251953 12.50399971 5.000000
38602350.33654785 3347178.87249756 12.40799999 5.000000
38602350.28454590 3347178.86553955 12.22399998 5.000000
38602350.26452637 3347178.86248779 12.04800034 5.000000
38602350.03152466 3347178.83251953 11.50199986 5.000000
38602350.37954712 3347178.87048340 11.38000011 5.000000
38602349.82354736 3347178.80749512 11.14500046 5.000000
38602353.70654297 3347179.23449707 11.38500023 5.000000
38602350.75354004 3347178.90753174 10.90299988 5.000000
38602350.90353394 3347178.92352295 10.74199963 5.000000
38602350.63552856 3347178.89251709 10.54800034 5.000000
38602350.50653076 3347178.87750244 10.36900043 5.000000
38602350.49954224 3347178.87548828 10.19799995 5.000000
38602351.61352539 3347178.92749023 16.06299973 5.000000
38602351.59353638 3347178.92449951 15.84200001 5.000000
38602351.51553345 3347178.91448975 15.60000038 5.000000
38602351.13253784 3347178.86950684 15.24800014 5.000000
38602351.18753052 3347178.87451172 15.06700039 5.000000
38602351.63354492 3347178.92352295 15.02299976 5.000000
38602351.88354492 3347178.94952393 14.90400028 5.000000
38602350.41455078 3347178.78350830 14.03499985 5.000000
38602350.50054932 3347178.79150391 13.87699986 5.000000
38602350.79153442 3347178.82250977 13.77600002 5.000000
38602350.23355103 3347178.75848389 13.25899982 5.000000
38602350.12554932 3347178.74249268 12.70600033 5.000000
38602350.01953125 3347178.72949219 12.51099968 5.000000
38602350.11154175 3347178.73748779 12.18799973 5.000000
38602350.37054443 3347178.76550293 12.06299973 5.000000
38602349.71954346 3347178.69152832 11.78400040 5.000000
38602349.59054565 3347178.67553711 11.43799973 5.000000
38602349.46252441 3347178.66052246 11.26000023 5.000000
38602349.45654297 3347178.65850830 11.10000038 5.000000
38602350.90054321 3347178.81652832 11.09099960 5.000000
38602353.73254395 3347179.12750244 11.17599964 5.000000
38602349.93154907 3347178.70751953 10.66199970 5.000000
38602350.89254761 3347178.81250000 10.56400013 5.000000
38602352.99154663 3347179.04150391 10.50899982 5.000000
38602353.54153442 3347179.10052490 10.33399963 5.000000
38602353.69552612 3347179.11651611 10.13399982 5.000000
38602353.41552734 3347179.08453369 9.92099953 5.000000
38602353.39053345 3347179.08050537 9.71700001 5.000000
38602351.38854980 3347178.80053711 15.54500008 5.000000
38602351.55752563 3347178.81549072 14.99100018 5.000000
38602350.76754761 3347178.72448730 14.32999992 5.000000
38602353.56555176 3347179.03552246 15.01299953 5.000000
38602350.61254883 3347178.70452881 13.90499973 5.000000
38602350.66552734 3347178.70953369 13.73600006 5.000000
38602350.31555176 3347178.66949463 13.45499992 5.000000
38602350.29354858 3347178.66448975 13.09300041 5.000000
38602350.35052490 3347178.66949463 12.93000031 5.000000
38602350.45254517 3347178.67950439 12.77600002 5.000000
38602350.29354858 3347178.66052246 12.56599998 5.000000
38602350.10552979 3347178.63848877 12.35400009 5.000000
38602350.41354370 3347178.67053223 12.06799984 5.000000
38602349.68353271 3347178.58850098 11.77499962 5.000000
38602349.53253174 3347178.56951904 11.42700005 5.000000
38602349.32052612 3347178.54449463 11.23999977 5.000000
38602349.33853149 3347178.54553223 11.08399963 5.000000
38602353.71054077 3347179.02648926 11.38099957 5.000000
38602349.82354736 3347178.59649658 10.81400013 5.000000
38602353.75653076 3347179.02850342 10.96700001 5.000000
38602350.92355347 3347178.71551514 10.56499958 5.000000
38602353.09454346 3347178.95349121 10.51299953 5.000000
38602353.35153198 3347178.98052979 10.32400036 5.000000
38602353.30053711 3347178.97149658 9.91800022 5.000000
38602353.55953979 3347178.99853516 9.71800041 5.000000
38602351.73355103 3347178.74249268 16.09799957 5.000000
38602351.31152344 3347178.69348145 15.71300030 5.000000
38602351.21752930 3347178.68249512 15.47000027 5.000000
38602351.17053223 3347178.67553711 15.24899960 5.000000
38602351.27655029 3347178.68548584 15.08600044 5.000000
38602351.51553345 3347178.71148682 14.97000027 5.000000
38602351.64553833 3347178.72448730 14.81099987 5.000000
38602350.74655151 3347178.62152100 14.12800026 5.000000
38602350.30154419 3347178.56848145 13.44600010 5.000000
38602350.40054321 3347178.57849121 13.29300022 5.000000
38602350.35354614 3347178.57153320 13.10299969 5.000000
38602350.24655151 3347178.55749512 12.72500038 5.000000
38602350.10653687 3347178.54052734 12.52200031 5.000000
38602350.11352539 3347178.54052734 12.35200024 5.000000
38602350.35855103 3347178.56652832 12.22700024 5.000000
38602350.02352905 3347178.52850342 11.99499989 5.000000
38602348.97055054 3347178.41052246 11.65499973 5.000000
38602349.02554321 3347178.41552734 11.50800037 5.000000
38602349.52954102 3347178.46752930 11.10299969 5.000000
38602349.64453125 3347178.47949219 10.95499992 5.000000
38602353.80752563 3347178.93750000 11.17800045 5.000000
38602353.71853638 3347178.92553711 10.96100044 5.000000
38602353.58453369 3347178.90948486 10.74400043 5.000000
38602353.53253174 3347178.90148926 10.32999992 5.000000
38602353.46353149 3347178.89251709 10.12300014 5.000000
38602353.24853516 3347178.86651611 9.71300030 5.000000
38602351.89852905 3347178.67053223 16.37999916 5.000000
38602351.47854614 3347178.62048340 15.77499962 5.000000
38602351.18554688 3347178.58648682 15.45199966 5.000000
38602351.59353638 3347178.62652588 14.78899956 5.000000
38602351.46353149 3347178.61053467 14.54500008 5.000000
38602351.63455200 3347178.62854004 14.39999962 5.000000
38602350.96252441 3347178.55249023 14.00000000 5.000000
38602350.48254395 3347178.49749756 13.67300034 5.000000
38602353.54855347 3347178.83551025 14.11200047 5.000000
38602350.44653320 3347178.48950195 13.12199974 5.000000
38602350.57153320 3347178.50250244 12.97399998 5.000000
38602349.30554199 3347178.35650635 11.86699963 5.000000
38602348.93652344 3347178.31451416 11.64700031 5.000000
38602348.93353271 3347178.31353760 11.49199963 5.000000
38602349.09454346 3347178.33050537 11.36100006 5.000000
38602349.35754395 3347178.35852051 11.23900032 5.000000
38602349.35455322 3347178.35650635 11.08100033 5.000000
38602349.07052612 3347178.32452393 10.89400005 5.000000
38602349.09054565 3347178.32550049 10.74199963 5.000000
38602353.78054810 3347178.83953857 10.75599957 5.000000
38602350.57254028 3347178.48553467 10.36699963 5.000000
38602353.26852417 3347178.77850342 10.11600018 5.000000
38602353.15454102 3347178.76550293 9.91199970 5.000000
38602351.90652466 3347178.56951904 16.37800026 5.000000
38602351.44055176 3347178.51452637 15.75500011 5.000000
38602351.23852539 3347178.49053955 15.46800041 5.000000
38602351.19552612 3347178.48449707 15.24800014 5.000000
38602351.34954834 3347178.50048828 15.10299969 5.000000
38602351.48052979 3347178.51348877 14.94799995 5.000000
38602351.68853760 3347178.53552246 14.81700039 5.000000
38602351.53955078 3347178.51751709 14.56599998 5.000000
38602351.57754517 3347178.52050781 14.37899971 5.000000
38602351.56652832 3347178.51849365 14.17700005 5.000000
38602350.79855347 3347178.43151855 13.76000023 5.000000
38602350.45654297 3347178.39154053 13.30099964 5.000000
38602350.78955078 3347178.42553711 13.02200031 5.000000
38602350.37554932 3347178.37854004 12.74899960 5.000000
38602349.28555298 3347178.25451660 12.02099991 5.000000
38602349.04953003 3347178.22753906 11.81999969 5.000000
38602349.67654419 3347178.29351807 11.44099998 5.000000
38602349.64254761 3347178.28851318 11.27499962 5.000000
38602349.15954590 3347178.23150635 10.59399986 5.000000
38602353.41952515 3347178.69848633 10.73200035 5.000000
38602353.30853271 3347178.68548584 10.52200031 5.000000
38602353.20755005 3347178.67248535 10.31499958 5.000000
38602353.45654297 3347178.69848633 10.12199974 5.000000
38602353.35952759 3347178.68652344 9.91699982 5.000000
38602353.25753784 3347178.67449951 9.71399975 5.000000
38602351.93054199 3347178.46948242 16.16500092 5.000000
38602351.65853882 3347178.43853760 15.83899975 5.000000
38602351.23754883 3347178.38952637 15.46399975 5.000000
38602352.53253174 3347178.52850342 15.09899998 5.000000
38602351.36853027 3347178.39648438 14.31099987 5.000000
38602351.75955200 3347178.43853760 14.23200035 5.000000
38602354.00354004 3347178.68652344 14.67599964 5.000000
38602350.55853271 3347178.30249023 13.50699997 5.000000
38602350.60153198 3347178.30651855 13.33699989 5.000000
38602351.11053467 3347178.36151123 13.28299999 5.000000
38602350.51254272 3347178.29449463 12.95499992 5.000000
38602350.48953247 3347178.29052734 12.77200031 5.000000
38602350.30154419 3347178.26849365 12.55599976 5.000000
38602349.28054810 3347178.15447998 12.17899990 5.000000
38602348.95053101 3347178.11553955 11.80099964 5.000000
38602348.92254639 3347178.11151123 11.64200020 5.000000
38602348.93054199 3347178.11151123 11.48900032 5.000000
38602349.03854370 3347178.12249756 11.35099983 5.000000
38602349.05352783 3347178.12152100 11.04500008 5.000000
38602349.06753540 3347178.12249756 10.89299965 5.000000
38602349.05154419 3347178.11950684 10.73799992 5.000000
38602349.44653320 3347178.16149902 10.61699963 5.000000
38602353.32952881 3347178.58148193 9.71599960 5.000000
38602351.75454712 3347178.33752441 15.87199974 5.000000
38602351.42153931 3347178.29852295 15.52999973 5.000000
38602351.39453125 3347178.29449463 15.31499958 5.000000
38602351.55053711 3347178.31048584 15.16899967 5.000000
38602351.58255005 3347178.31353760 14.97599983 5.000000
38602351.85653687 3347178.34252930 14.86600018 5.000000
38602351.31253052 3347178.28051758 14.48499966 5.000000
38602351.44754028 3347178.29449463 14.33100033 5.000000
38602351.05352783 3347178.24951172 14.01700020 5.000000
38602350.56054688 3347178.19250488 13.50399971 5.000000
38602350.65353394 3347178.20050049 13.16600037 5.000000
38602350.29953003 3347178.15948486 12.90200043 5.000000
38602350.29953003 3347178.15850830 12.72700024 5.000000
38602349.02453613 3347178.01550293 12.12600040 5.000000
38602349.00152588 3347178.01153564 11.80799961 5.000000
38602348.99655151 3347178.00653076 11.19099998 5.000000
38602349.32754517 3347178.03948975 10.60700035 5.000000
38602353.39352417 3347178.48553467 10.73099995 5.000000
38602353.33255005 3347178.47753906 10.52400017 5.000000
38602349.45053101 3347178.04949951 10.14700031 5.000000
38602349.39352417 3347178.04248047 9.98900032 5.000000
38602353.50653076 3347178.49249268 9.92199993 5.000000
38602353.42254639 3347178.48248291 9.71800041 5.000000
38602351.39254761 3347178.19250488 15.10599995 5.000000
38602351.68154907 3347178.22351074 15.00599957 5.000000
38602351.66754150 3347178.22052002 14.79800034 5.000000
38602351.34454346 3347178.18353271 14.49100018 5.000000
38602353.96954346 3347178.47253418 14.88599968 5.000000
38602350.53652954 3347178.09051514 13.67599964 5.000000
38602350.38653564 3347178.07250977 13.45300007 5.000000
38602350.69152832 3347178.10351563 13.17199993 5.000000
38602350.28955078 3347178.05651855 12.54800034 5.000000
38602348.90853882 3347177.90252686 12.10000038 5.000000
38602348.99255371 3347177.91052246 11.96000004 5.000000
38602348.89852905 3347177.89849854 11.63500023 5.000000
38602349.01852417 3347177.91052246 11.50000000 5.000000
38602349.04052734 3347177.91253662 11.34899998 5.000000
38602348.95355225 3347177.90148926 11.18400002 5.000000
38602349.04354858 3347177.90948486 10.88899994 5.000000
38602349.43154907 3347177.95153809 10.77200031 5.000000
38602349.35653687 3347177.94250488 10.60900021 5.000000
38602353.29653931 3347178.37451172 10.72399998 5.000000
38602349.71954346 3347177.98052979 10.31799984 5.000000
38602351.35552979 3347178.09149170 15.49400043 5.000000
38602351.31854248 3347178.08551025 15.27600002 5.000000
38602351.40155029 3347178.09350586 15.10400009 5.000000
38602351.68252563 3347178.12451172 15.00199986 5.000000
38602351.43554688 3347178.09552002 14.71500015 5.000000
38602351.47152710 3347178.09851074 14.52799988 5.000000
38602351.05352783 3347178.05053711 14.19999981 5.000000
38602350.46752930 3347177.98449707 13.83399963 5.000000
38602354.90853882 3347178.47351074 14.45300007 5.000000
38602350.38354492 3347177.97052002 12.91600037 5.000000
38602349.63952637 3347177.88549805 12.40799999 5.000000
38602348.97354126 3347177.80749512 11.49100018 5.000000
38602348.96752930 3347177.80651855 11.33699989 5.000000
38602349.16253662 3347177.82550049 11.05399990 5.000000
38602353.32153320 3347178.28149414 11.12899971 5.000000
38602352.49252319 3347178.18750000 10.66800022 5.000000
38602353.78152466 3347178.32849121 10.54899979 5.000000
38602349.50555420 3347177.85748291 10.14900017 5.000000
38602349.52554321 3347177.85852051 9.83600044 5.000000
38602351.51654053 3347178.01550293 15.55200005 5.000000
38602351.30453491 3347177.99151611 15.26599979 5.000000
38602351.34555054 3347177.99353027 14.87899971 5.000000
38602351.65155029 3347178.02551270 14.58300018 5.000000
38602351.81753540 3347178.04248047 14.43500042 5.000000
38602350.63952637 3347177.91052246 13.88199997 5.000000
38602350.52154541 3347177.89648438 13.66399956 5.000000
38602350.54452515 3347177.89752197 13.48900032 5.000000
38602350.62854004 3347177.90649414 13.32999992 5.000000
38602350.61853027 3347177.90350342 13.14799976 5.000000
38602350.53753662 3347177.89349365 12.94900036 5.000000
38602350.49154663 3347177.88751221 12.76200008 5.000000
38602349.09252930 3347177.73150635 12.13199997 5.000000
38602349.08554077 3347177.72949219 11.97299957 5.000000
38602348.96054077 3347177.71350098 11.64099979 5.000000
38602348.96954346 3347177.71453857 11.48900032 5.000000
38602349.06353760 3347177.72351074 11.34799957 5.000000
38602349.08752441 3347177.72448730 11.04399967 5.000000
38602349.09054565 3347177.72351074 10.89099979 5.000000
38602353.30453491 3347178.18652344 11.12699986 5.000000
38602349.00653076 3347177.71252441 10.57900047 5.000000
38602349.25253296 3347177.73852539 10.44499969 5.000000
38602349.29653931 3347177.74249268 10.29300022 5.000000
38602349.49853516 3347177.76348877 10.14799976 5.000000
38602349.43353271 3347177.75451660 9.83399963 5.000000
38602352.33255005 3347178.00653076 15.86499977 5.000000
38602351.51153564 3347177.91351318 15.33800030 5.000000
38602351.36352539 3347177.89648438 15.07999992 5.000000
38602351.77255249 3347177.94049072 15.02299976 5.000000
38602351.51852417 3347177.91149902 14.73299980 5.000000
38602351.48754883 3347177.90649414 14.52400017 5.000000
38602351.41455078 3347177.89752197 14.30399990 5.000000
38602350.64254761 3347177.80853271 13.51099968 5.000000
38602350.58752441 3347177.80151367 13.31499958 5.000000
38602350.67355347 3347177.80950928 12.97799969 5.000000
38602350.46954346 3347177.78552246 12.75300026 5.000000
38602349.13253784 3347177.63653564 12.29399967 5.000000
38602349.29553223 3347177.65252686 12.00899982 5.000000
38602349.30352783 3347177.64953613 11.22299957 5.000000
38602349.04052734 3347177.61749268 10.73200035 5.000000
38602349.35455322 3347177.64648438 9.83199978 5.000000
38602349.40454102 3347177.65148926 9.67800045 5.000000
38602352.09555054 3347177.87854004 15.76500034 5.000000
38602351.85354614 3347177.85052490 15.46000004 5.000000
38602351.88354492 3347177.85253906 15.26299953 5.000000
38602352.36453247 3347177.90447998 15.22500038 5.000000
38602351.26052856 3347177.78149414 14.64000034 5.000000
38602350.82052612 3347177.72949219 13.92599964 5.000000
38602354.06854248 3347178.08752441 14.67099953 5.000000
38602350.19454956 3347177.65753174 13.38399982 5.000000
38602350.29153442 3347177.66748047 13.23299980 5.000000
38602350.41055298 3347177.67950439 13.08699989 5.000000
38602350.44754028 3347177.68249512 12.92000008 5.000000
38602349.58554077 3347177.58648682 12.55099964 5.000000
38602349.07153320 3347177.52850342 12.27799988 5.000000
38602348.97552490 3347177.51452637 11.63700008 5.000000
38602349.02255249 3347177.51953125 11.49100018 5.000000
38602349.77255249 3347177.60052490 11.44200039 5.000000
38602349.30654907 3347177.54748535 11.06499958 5.000000
38602349.31753540 3347177.54748535 10.91100025 5.000000
38602349.06353760 3347177.51953125 10.73200035 5.000000
38602353.64352417 3347178.02148438 10.94799995 5.000000
38602349.23355103 3347177.53649902 10.43999958 5.000000
38602349.21554565 3347177.53350830 10.28600025 5.000000
38602349.29553223 3347177.54150391 10.13700008 5.000000
38602349.20654297 3347177.53051758 9.97999954 5.000000
38602352.34252930 3347177.87353516 9.89500046 5.000000
38602352.34454346 3347177.87249756 9.70600033 5.000000
38602352.36154175 3347177.87353516 9.51700020 5.000000
38602352.35153198 3347177.87048340 9.32800007 5.000000
38602352.37554932 3347177.87249756 9.13799953 5.000000
38602352.13055420 3347177.78149414 15.77299976 5.000000
38602351.78152466 3347177.74151611 15.42700005 5.000000
38602351.97753906 3347177.76153564 15.29100037 5.000000
38602352.08853149 3347177.77349854 15.12199974 5.000000
38602351.16455078 3347177.66949463 14.60200024 5.000000
38602351.21054077 3347177.67352295 14.42300034 5.000000
38602351.51354980 3347177.70550537 14.32400036 5.000000
38602352.91854858 3347177.86053467 14.54899979 5.000000
38602350.16253662 3347177.55352783 13.37100029 5.000000
38602350.30554199 3347177.56652832 13.05700016 5.000000
38602349.76254272 3347177.50451660 12.58699989 5.000000
38602349.25955200 3347177.44750977 12.15499973 5.000000
38602349.25253296 3347177.44549561 11.99499989 5.000000
38602349.17553711 3347177.43652344 11.82299995 5.000000
38602349.02655029 3347177.41949463 11.64299965 5.000000
38602349.29953003 3347177.44750977 11.37399960 5.000000
38602349.57354736 3347177.47650146 11.25300026 5.000000
38602349.47552490 3347177.46453857 11.08199978 5.000000
38602353.84555054 3347177.94152832 10.96300030 5.000000
38602353.72854614 3347177.92749023 10.74699974 5.000000
38602352.32553101 3347177.76849365 9.70499992 5.000000
38602352.35354614 3347177.77050781 9.51599979 5.000000
38602352.37054443 3347177.77148438 9.32699966 5.000000
38602352.40954590 3347177.77453613 9.13700008 5.000000
38602351.67153931 3347177.61950684 15.38000011 5.000000
38602351.54953003 3347177.60351563 14.92800045 5.000000
38602351.34652710 3347177.58050537 14.65799999 5.000000
38602351.68453979 3347177.61450195 14.17500019 5.000000
38602352.25454712 3347177.67651367 14.14200020 5.000000
38602350.30853271 3347177.45953369 13.40600014 5.000000
38602350.22454834 3347177.44952393 13.20800018 5.000000
38602350.53152466 3347177.48150635 12.93200016 5.000000
38602350.62554932 3347177.49053955 12.77700043 5.000000
38602349.35552979 3347177.34948730 12.33100033 5.000000
38602349.24255371 3347177.33648682 12.14799976 5.000000
38602349.20153809 3347177.33050537 11.98200035 5.000000
38602349.12954712 3347177.32250977 11.81200027 5.000000
38602349.24353027 3347177.33349609 11.67599964 5.000000
38602349.15554810 3347177.32348633 11.50599957 5.000000
38602349.42553711 3347177.35253906 11.38899994 5.000000
38602349.50555420 3347177.35852051 11.08399963 5.000000
38602349.35552979 3347177.34149170 10.91100025 5.000000
38602349.24255371 3347177.32849121 10.74499989 5.000000
38602349.06753540 3347177.30853271 10.57800007 5.000000
38602353.48153687 3347177.79150391 10.72900009 5.000000
38602352.32254028 3347177.66351318 10.46000004 5.000000
38602352.32052612 3347177.66253662 10.27099991 5.000000
38602352.32653809 3347177.66149902 10.08300018 5.000000
38602352.32855225 3347177.66052246 9.89400005 5.000000
38602352.40054321 3347177.66650391 9.51700020 5.000000
38602352.44253540 3347177.67053223 9.32699966 5.000000
38602353.77954102 3347177.75653076 16.64399910 5.000000
38602351.59555054 3347177.51153564 15.34700012 5.000000
38602351.89254761 3347177.54351807 15.25000000 5.000000
38602351.49252319 3347177.49749756 14.90299988 5.000000
38602351.42953491 3347177.48950195 14.68299961 5.000000
38602351.29354858 3347177.47351074 14.44099998 5.000000
38602351.56152344 3347177.50250244 14.33100033 5.000000
38602350.38854980 3347177.37152100 13.78299999 5.000000
38602350.13754272 3347177.34252930 13.53199959 5.000000
38602350.29553223 3347177.35852051 13.39999962 5.000000
38602350.41952515 3347177.37152100 13.25500011 5.000000
38602350.25854492 3347177.35253906 13.03899956 5.000000
38602349.50854492 3347177.26654053 12.36100006 5.000000
38602349.48153687 3347177.26251221 12.19400024 5.000000
38602348.80352783 3347177.18548584 11.60200024 5.000000
38602348.91754150 3347177.19653320 11.31700039 5.000000
38602349.03353882 3347177.20849609 11.18099976 5.000000
38602353.84854126 3347177.73651123 11.58600044 5.000000
38602349.19055176 3347177.22253418 10.73999977 5.000000
38602352.38552856 3347177.57153320 10.65400028 5.000000
38602352.41653442 3347177.57348633 10.46599960 5.000000
38602352.38354492 3347177.56951904 10.27400017 5.000000
38602352.47055054 3347177.57751465 10.08800030 5.000000
38602351.86553955 3347177.44348145 15.86600018 5.000000
38602351.53955078 3347177.40649414 15.52700043 5.000000
38602351.36654663 3347177.38153076 14.46199989 5.000000
38602354.36053467 3347177.71252441 15.20100021 5.000000
38602350.17153931 3347177.24749756 13.71599960 5.000000
38602350.14453125 3347177.24249268 13.35599995 5.000000
38602350.17352295 3347177.24450684 13.18900013 5.000000
38602355.03753662 3347177.78149414 14.22700024 5.000000
38602350.51153564 3347177.28051758 12.92300034 5.000000
38602350.41152954 3347177.26849365 12.72500038 5.000000
38602348.81253052 3347177.08850098 11.90600014 5.000000
38602348.77655029 3347177.08453369 11.74800014 5.000000
38602348.77352905 3347177.08251953 11.59599972 5.000000
38602348.82052612 3347177.08752441 11.45300007 5.000000
38602348.78955078 3347177.08349609 11.29899979 5.000000
38602348.88854980 3347177.09350586 11.16199970 5.000000
38602349.03253174 3347177.10852051 11.02799988 5.000000
38602349.11755371 3347177.11651611 10.88599968 5.000000
38602353.65652466 3347177.61450195 11.15200043 5.000000
38602352.59652710 3347177.49652100 10.86100006 5.000000
38602348.99954224 3347177.10052490 10.42199993 5.000000
38602349.19952393 3347177.12249756 10.28400040 5.000000
38602353.68154907 3347177.61248779 10.33399963 5.000000
38602354.53054810 3347177.70452881 10.15799999 5.000000
38602355.10153198 3347177.76550293 9.95600033 5.000000
38602351.84753418 3347177.34851074 15.85400009 5.000000
38602351.55053711 3347177.31451416 15.52700043 5.000000
38602351.72653198 3347177.33148193 15.18200016 5.000000
38602351.52752686 3347177.30853271 14.90799999 5.000000
38602351.51953125 3347177.30651855 14.70600033 5.000000
38602351.46655273 3347177.29949951 14.49100018 5.000000
38602350.59652710 3347177.20251465 14.02299976 5.000000
38602350.05654907 3347177.14050293 13.50199986 5.000000
38602350.10653687 3347177.14453125 13.34200001 5.000000
38602350.06454468 3347177.13952637 13.15699959 5.000000
38602350.08154297 3347177.14050293 12.98999977 5.000000
38602350.44354248 3347177.17950439 12.90400028 5.000000
38602349.68652344 3347177.09350586 12.39500046 5.000000
38602349.59155273 3347177.08251953 12.21199989 5.000000
38602348.76654053 3347176.98950195 11.74400043 5.000000
38602348.82452393 3347176.99249268 11.15200043 5.000000
38602352.77554321 3347177.42449951 11.26500034 5.000000
38602349.30154419 3347177.04248047 10.75000000 5.000000
38602349.14154053 3347177.02252197 10.43099976 5.000000
38602353.58352661 3347177.50848389 10.53299999 5.000000
38602354.41152954 3347177.59851074 10.36699963 5.000000
38602351.74954224 3347177.23449707 15.80799961 5.000000
38602351.69354248 3347177.22650146 15.36999989 5.000000
38602352.41152954 3347177.30352783 15.21300030 5.000000
38602351.72253418 3347177.22650146 14.76900005 5.000000
38602351.02352905 3347177.14752197 14.34200001 5.000000
38602350.67755127 3347177.10852051 14.04399967 5.000000
38602350.59252930 3347177.09753418 13.83399963 5.000000
38602350.26654053 3347177.06048584 13.55900002 5.000000
38602350.20755005 3347177.05352783 13.36600018 5.000000
38602350.37353516 3347177.06848145 12.88399982 5.000000
38602350.55053711 3347177.08752441 12.75000000 5.000000
38602349.86254883 3347177.01049805 12.42899990 5.000000
38602349.36853027 3347176.95452881 12.16399956 5.000000
38602349.42654419 3347176.96051025 12.01599979 5.000000
38602348.86654663 3347176.89752197 11.75899982 5.000000
38602348.90155029 3347176.90051270 11.46199989 5.000000
38602348.93954468 3347176.90350342 11.31599998 5.000000
38602348.75253296 3347176.88153076 11.14099979 5.000000
38602348.75854492 3347176.88153076 10.99400043 5.000000
38602349.02752686 3347176.91052246 10.87399960 5.000000
38602349.16952515 3347176.92553711 10.73600006 5.000000
38602349.20254517 3347176.92749023 10.58699989 5.000000
38602349.42053223 3347176.95050049 10.44999981 5.000000
38602354.96453857 3347177.55651855 10.39099979 5.000000
38602354.35052490 3347177.48852539 10.15100002 5.000000
38602351.71252441 3347177.12652588 15.78600025 5.000000
38602351.57855225 3347177.11053467 15.52499962 5.000000
38602351.71252441 3347177.12451172 15.36999989 5.000000
38602351.83453369 3347177.13751221 15.21000004 5.000000
38602352.23254395 3347177.17950439 15.14400005 5.000000
38602351.22955322 3347177.06750488 14.59700012 5.000000
38602350.74954224 3347177.01348877 14.24699974 5.000000
38602350.90155029 3347177.02850342 13.92099953 5.000000
38602350.26754761 3347176.95751953 13.55399990 5.000000
38602350.24752808 3347176.95349121 13.37199974 5.000000
38602355.54754639 3347177.53753662 14.34200001 5.000000
38602354.47354126 3347177.41748047 13.85000038 5.000000
38602354.82354736 3347177.45452881 13.70400047 5.000000
38602349.49255371 3347176.86553955 12.34700012 5.000000
38602349.00653076 3347176.81152344 12.08899975 5.000000
38602349.13754272 3347176.82452393 11.95899963 5.000000
38602349.01452637 3347176.81048584 11.78199959 5.000000
38602348.92852783 3347176.79949951 11.61400032 5.000000
38602348.93453979 3347176.79949951 11.46399975 5.000000
38602348.77752686 3347176.77947998 10.99300003 5.000000
38602348.99154663 3347176.80151367 10.71800041 5.000000
38602354.01254272 3347177.35150146 10.97099972 5.000000
38602354.10653687 3347177.36053467 10.76900005 5.000000
38602349.69354248 3347176.87451172 10.15200043 5.000000
38602354.56854248 3347177.40753174 10.15699959 5.000000
38602355.13153076 3347177.46850586 9.95499992 5.000000
38602351.68554688 3347177.01348877 15.55900002 5.000000
38602351.82653809 3347177.02752686 15.19900036 5.000000
38602352.02154541 3347177.04748535 15.06299973 5.000000
38602350.85855103 3347176.91650391 14.27600002 5.000000
38602350.65252686 3347176.89251709 14.02400017 5.000000
38602350.75354004 3347176.90350342 13.87100029 5.000000
38602350.18853760 3347176.83850098 13.35000038 5.000000
38602350.27752686 3347176.84753418 13.19900036 5.000000
38602354.55255127 3347177.31848145 14.08899975 5.000000
38602350.48355103 3347176.86853027 12.90100002 5.000000
38602348.96353149 3347176.69848633 12.07600021 5.000000
38602349.07052612 3347176.70849609 11.94200039 5.000000
38602349.04953003 3347176.70452881 11.63000011 5.000000
38602349.01852417 3347176.70050049 11.47299957 5.000000
38602348.82354736 3347176.67852783 11.29399967 5.000000
38602348.75653076 3347176.67053223 11.13599968 5.000000
38602348.89852905 3347176.68450928 11.00500011 5.000000
38602348.85754395 3347176.67950439 10.85099983 5.000000
38602349.04852295 3347176.69952393 10.72000027 5.000000
38602349.58352661 3347176.75750732 10.61299992 5.000000
38602354.07855225 3347177.24853516 10.55599976 5.000000
38602353.97055054 3347177.23553467 10.34200001 5.000000
38602354.80853271 3347177.32452393 9.94600010 5.000000
38602351.82952881 3347176.92950439 15.81799984 5.000000
38602351.91552734 3347176.93853760 15.64200020 5.000000
38602351.88653564 3347176.93450928 15.42199993 5.000000
38602352.15353394 3347176.96252441 15.31200027 5.000000
38602351.99453735 3347176.94348145 15.04699993 5.000000
38602351.14053345 3347176.84851074 14.55300045 5.000000
38602354.47354126 3347177.21649170 15.44400024 5.000000
38602350.29153442 3347176.75048828 13.54899979 5.000000
38602350.18252563 3347176.73748779 13.34300041 5.000000
38602350.29153442 3347176.74749756 13.02400017 5.000000
38602349.47854614 3347176.65649414 12.65799999 5.000000
38602349.46954346 3347176.65447998 12.49400043 5.000000
38602349.36953735 3347176.64251709 12.31200027 5.000000
38602348.87353516 3347176.58752441 12.05399990 5.000000
38602348.89154053 3347176.58850098 11.90499973 5.000000
38602348.92453003 3347176.58752441 11.00500011 5.000000
38602349.70254517 3347176.66949463 10.61999989 5.000000
38602349.55352783 3347176.65252686 10.45300007 5.000000
38602349.47653198 3347176.64349365 10.29300022 5.000000
38602349.54254150 3347176.64953613 10.14099979 5.000000
38602349.30654907 3347176.62353516 9.97799969 5.000000
38602354.78854370 3347177.22149658 9.94400024 5.000000
38602352.01754761 3347176.85150146 15.46399975 5.000000
38602352.32052612 3347176.88348389 15.36600018 5.000000
38602352.09555054 3347176.85748291 15.07600021 5.000000
38602352.34753418 3347176.88452148 14.95499992 5.000000
38602351.28054810 3347176.76550293 14.40100002 5.000000
38602351.09454346 3347176.74353027 14.14999962 5.000000
38602350.67755127 3347176.69653320 13.83699989 5.000000
38602350.21252441 3347176.64349365 13.34599972 5.000000
38602350.46954346 3347176.66949463 13.06299973 5.000000
38602349.57754517 3347176.57049561 12.67700005 5.000000
38602349.50454712 3347176.56152344 12.49800014 5.000000
38602349.50054932 3347176.56048584 12.33600044 5.000000
38602348.77853394 3347176.47949219 12.03100014 5.000000
38602348.75854492 3347176.47650146 11.87600040 5.000000
38602348.81054688 3347176.48150635 11.73499966 5.000000
38602349.03854370 3347176.50549316 11.62199974 5.000000
38602348.97152710 3347176.49749756 11.45899963 5.000000
38602348.71853638 3347176.46850586 11.27299976 5.000000
38602348.79354858 3347176.47650146 11.13500023 5.000000
38602348.85754395 3347176.48150635 10.84599972 5.000000
38602348.93453979 3347176.48950195 10.70499992 5.000000
38602349.06454468 3347176.50250244 10.56700039 5.000000
38602352.97653198 3347176.93048096 10.68500042 5.000000
38602349.39852905 3347176.53753662 10.28699970 5.000000
38602349.23254395 3347176.51849365 10.12600040 5.000000
38602349.24853516 3347176.51953125 9.97500038 5.000000
38602350.76153564 3347176.68450928 9.85599995 5.000000
38602351.25152588 3347176.73651123 9.69200039 5.000000
38602351.90353394 3347176.74749756 15.83399963 5.000000
38602351.99252319 3347176.75653076 15.65900040 5.000000
38602353.23754883 3347176.89349365 15.91800022 5.000000
38602352.89053345 3347176.85449219 15.56799984 5.000000
38602352.99453735 3347176.86450195 15.38599968 5.000000
38602352.78454590 3347176.84051514 15.09700012 5.000000
38602352.93353271 3347176.85552979 14.93200016 5.000000
38602350.36254883 3347176.56750488 13.56000042 5.000000
38602350.29754639 3347176.55950928 13.36499977 5.000000
38602350.42053223 3347176.57250977 13.22200012 5.000000
38602350.57553101 3347176.58850098 13.08500004 5.000000
38602350.71853638 3347176.60351563 12.94299984 5.000000
38602349.16152954 3347176.43048096 12.41699982 5.000000
38602349.12454224 3347176.42553711 12.25199986 5.000000
38602348.76754761 3347176.38452148 11.87399960 5.000000
38602348.78555298 3347176.38348389 11.27999973 5.000000
38602348.78652954 3347176.38250732 11.13199997 5.000000
38602348.82553101 3347176.38452148 10.69299984 5.000000
38602349.75152588 3347176.48449707 10.46199989 5.000000
38602349.72552490 3347176.47753906 9.83300018 5.000000
38602351.15155029 3347176.63250732 9.68999958 5.000000
38602353.55654907 3347176.83050537 16.49500084 5.000000
38602353.54754639 3347176.82849121 16.25900078 5.000000
38602352.74154663 3347176.73748779 15.72399998 5.000000
38602352.67153931 3347176.72851563 15.48099995 5.000000
38602352.71954346 3347176.73248291 15.28199959 5.000000
38602352.69854736 3347176.72949219 15.06099987 5.000000
38602353.10754395 3347176.77349854 14.98200035 5.000000
38602351.02655029 3347176.54248047 14.11800003 5.000000
38602350.63653564 3347176.49853516 13.81400013 5.000000
38602350.67053223 3347176.50048828 13.64200020 5.000000
38602350.73254395 3347176.50653076 13.47900009 5.000000
38602350.73953247 3347176.50653076 13.30000019 5.000000
38602354.44253540 3347176.91448975 14.04199982 5.000000
38602350.59854126 3347176.48950195 12.90999985 5.000000
38602349.19552612 3347176.33349609 12.42000008 5.000000
38602349.13253784 3347176.32550049 12.24899960 5.000000
38602348.99053955 3347176.30950928 12.06599998 5.000000
38602348.80853271 3347176.28851318 11.87800026 5.000000
38602348.79653931 3347176.28552246 11.72500038 5.000000
38602348.90252686 3347176.29650879 11.59300041 5.000000
38602349.11553955 3347176.31951904 11.47500038 5.000000
38602348.85052490 3347176.28948975 11.28600025 5.000000
38602348.80154419 3347176.28350830 11.13099957 5.000000
38602348.72354126 3347176.27252197 10.82699966 5.000000
38602348.74453735 3347176.27453613 10.68299961 5.000000
38602348.88952637 3347176.28948975 10.54899979 5.000000
38602349.70452881 3347176.37750244 10.45699978 5.000000
38602349.33154297 3347176.33648682 10.27900028 5.000000
38602349.06954956 3347176.30651855 10.11499977 5.000000
38602349.18054199 3347176.31750488 9.97000027 5.000000
38602353.57952881 3347176.73248291 16.49600029 5.000000
38602353.54953003 3347176.72851563 16.25200081 5.000000
38602352.80654907 3347176.64453125 15.74100018 5.000000
38602352.80554199 3347176.64251709 15.30599976 5.000000
38602352.93453979 3347176.65551758 15.13399982 5.000000
38602352.84555054 3347176.64453125 14.89099979 5.000000
38602353.48052979 3347176.71350098 14.87600040 5.000000
38602350.94055176 3347176.42852783 13.52999973 5.000000
38602350.97354126 3347176.43151855 13.35599995 5.000000
38602350.75454712 3347176.40649414 13.11999989 5.000000
38602350.34753418 3347176.36053467 12.84599972 5.000000
38602349.22152710 3347176.23553467 12.42099953 5.000000
38602349.09252930 3347176.21948242 12.08199978 5.000000
38602348.83255005 3347176.18853760 11.72799969 5.000000
38602349.08953857 3347176.21649170 11.61999989 5.000000
38602349.20053101 3347176.22753906 11.48400021 5.000000
38602349.05752563 3347176.21051025 11.31099987 5.000000
38602348.80752563 3347176.18151855 10.98099995 5.000000
38602348.66152954 3347176.16448975 10.81799984 5.000000
38602349.57855225 3347176.26153564 10.29100037 5.000000
38602350.08953857 3347176.31652832 10.15900040 5.000000
38602349.69653320 3347176.27148438 9.82900047 5.000000
38602349.71655273 3347176.27252197 9.67300034 5.000000
38602352.83352661 3347176.54052734 15.96500015 5.000000
38602352.66253662 3347176.52050781 15.68000031 5.000000
38602352.91152954 3347176.54650879 15.55399990 5.000000
38602352.71054077 3347176.52349854 15.26599979 5.000000
38602352.86953735 3347176.53851318 14.89200020 5.000000
38602351.17852783 3347176.35052490 14.15299988 5.000000
38602350.56454468 3347176.28051758 13.77999973 5.000000
38602350.50854492 3347176.27349854 13.58500004 5.000000
38602350.72454834 3347176.29650879 13.46599960 5.000000
38602350.48452759 3347176.26953125 13.22299957 5.000000
38602350.70654297 3347176.29248047 13.10299969 5.000000
38602349.11053467 3347176.11352539 12.23600006 5.000000
38602349.04553223 3347176.10552979 12.06799984 5.000000
38602348.93753052 3347176.09252930 11.89400005 5.000000
38602349.10455322 3347176.11053467 11.77200031 5.000000
38602349.45452881 3347176.14752197 11.67599964 5.000000
38602349.38552856 3347176.13952637 11.50899982 5.000000
38602349.33554077 3347176.13250732 11.34700012 5.000000
38602348.96954346 3347176.09149170 11.14599991 5.000000
38602348.58953857 3347176.04852295 10.95300007 5.000000
38602348.65155029 3347176.05352783 10.67000008 5.000000
38602348.52655029 3347176.03948975 10.51500034 5.000000
38602348.49453735 3347176.03448486 10.36999989 5.000000
38602353.03955078 3347176.53149414 10.48400021 5.000000
38602349.95553589 3347176.19348145 10.15100002 5.000000
38602349.68252563 3347176.16149902 9.82800007 5.000000
38602352.70355225 3347176.42852783 15.90799999 5.000000
38602352.79153442 3347176.43548584 15.50500011 5.000000
38602353.03353882 3347176.45953369 15.15600014 5.000000
38602353.03353882 3347176.45849609 14.93999958 5.000000
38602350.86853027 3347176.21752930 14.05099964 5.000000
38602350.73153687 3347176.20153809 13.82600021 5.000000
38602349.15454102 3347176.02148438 12.55500031 5.000000
38602349.27453613 3347176.03051758 11.95400047 5.000000
38602349.25753784 3347176.02752686 11.64099979 5.000000
38602349.76153564 3347176.08148193 11.56299973 5.000000
38602349.44354248 3347176.04553223 11.35900021 5.000000
38602349.07855225 3347176.00451660 11.15699959 5.000000
38602348.51153564 3347175.94049072 10.79800034 5.000000
38602348.71853638 3347175.95953369 10.23900032 5.000000
38602349.20852661 3347176.01251221 10.11699963 5.000000
38602349.57354736 3347176.05151367 9.97900009 5.000000
38602352.66354370 3347176.32550049 15.66800022 5.000000
38602352.71054077 3347176.32952881 15.46899986 5.000000
38602352.76452637 3347176.33453369 15.27299976 5.000000
38602353.05053711 3347176.36450195 15.15600014 5.000000
38602353.09353638 3347176.36853027 14.95400047 5.000000
38602350.98355103 3347176.13348389 14.08199978 5.000000
38602350.81152344 3347176.11352539 13.84500027 5.000000
38602350.49353027 3347176.07653809 13.57100010 5.000000
38602350.52554321 3347176.07849121 13.22599983 5.000000
38602350.44653320 3347176.06848145 13.02999973 5.000000
38602349.14852905 3347175.92352295 12.55000019 5.000000
38602349.12054443 3347175.91851807 12.23099995 5.000000
38602349.14953613 3347175.92150879 12.08199978 5.000000
38602349.33352661 3347175.93853760 11.65100002 5.000000
38602349.61053467 3347175.96850586 11.53800011 5.000000
38602349.25253296 3347175.92749023 11.32999992 5.000000
38602351.36953735 3347176.15948486 11.44600010 5.000000
38602348.70852661 3347175.86651611 10.96199989 5.000000
38602348.59353638 3347175.85253906 10.80500031 5.000000
38602348.69055176 3347175.86248779 10.67000008 5.000000
38602348.73953247 3347175.86651611 10.52900028 5.000000
38602348.84954834 3347175.87652588 10.24600029 5.000000
38602349.57354736 3347175.95452881 9.97799969 5.000000
38602350.42953491 3347176.04650879 9.84200001 5.000000
38602353.83453369 3347176.36352539 16.10400009 5.000000
38602352.86752319 3347176.25354004 15.30500031 5.000000
38602353.19754028 3347176.28851318 15.20100021 5.000000
38602351.01654053 3347176.04351807 13.90200043 5.000000
38602350.60754395 3347175.99652100 13.60000038 5.000000
38602350.70153809 3347176.00653076 13.44600010 5.000000
38602350.75753784 3347176.01153564 13.28199959 5.000000
38602350.81854248 3347176.01654053 13.11900043 5.000000
38602349.37753296 3347175.85650635 12.60099983 5.000000
38602349.20452881 3347175.83648682 12.40299988 5.000000
38602349.26354980 3347175.84149170 12.25800037 5.000000
38602349.24853516 3347175.83953857 12.09899998 5.000000
38602349.27954102 3347175.84149170 11.94900036 5.000000
38602349.44454956 3347175.85748291 11.66600037 5.000000
38602349.55453491 3347175.86853027 11.52700043 5.000000
38602349.48953247 3347175.85949707 11.20600033 5.000000
38602348.88653564 3347175.79248047 10.98099995 5.000000
38602348.78353882 3347175.77947998 10.67700005 5.000000
38602348.83853149 3347175.78253174 10.24400043 5.000000
38602353.51452637 3347176.29351807 10.30700016 5.000000
38602353.21853638 3347176.19348145 15.64299965 5.000000
38602353.19552612 3347176.18951416 15.41399956 5.000000
38602353.09854126 3347176.17749023 15.16300011 5.000000
38602352.12554932 3347176.06652832 14.42899990 5.000000
38602350.99853516 3347175.94049072 13.89200020 5.000000
38602350.83255005 3347175.92150879 13.65999985 5.000000
38602350.69754028 3347175.90551758 13.44099998 5.000000
38602351.01254272 3347175.93853760 13.34500027 5.000000
38602351.04653931 3347175.94152832 13.17199993 5.000000
38602349.69152832 3347175.79052734 12.67099953 5.000000
38602349.30453491 3347175.74548340 12.26399994 5.000000
38602349.14953613 3347175.72753906 12.07600021 5.000000
38602349.21453857 3347175.73352051 11.93400002 5.000000
38602349.50653076 3347175.76550293 11.83100033 5.000000
38602349.58953857 3347175.77252197 11.52999973 5.000000
38602349.36453247 3347175.74652100 11.34200001 5.000000
38602349.48852539 3347175.75952148 11.20300007 5.000000
38602349.17153931 3347175.72253418 10.86100006 5.000000
38602348.84753418 3347175.68548584 10.68099976 5.000000
38602348.84954834 3347175.68548584 10.53499985 5.000000
38602353.47753906 3347176.18951416 10.50399971 5.000000
38602353.51953125 3347176.19152832 10.10599995 5.000000
38602353.76452637 3347176.15350342 16.06699944 5.000000
38602353.92254639 3347176.16851807 15.66499996 5.000000
38602353.20654297 3347176.08752441 15.19499969 5.000000
38602353.13653564 3347176.07849121 14.95499992 5.000000
38602352.15853882 3347175.96948242 14.43500042 5.000000
38602351.19454956 3347175.86151123 13.94699955 5.000000
38602350.90554810 3347175.82653809 13.49499989 5.000000
38602351.47753906 3347175.88848877 13.46300030 5.000000
38602349.15353394 3347175.63049316 12.69900036 5.000000
38602349.26852417 3347175.64251709 12.56799984 5.000000
38602349.22253418 3347175.63452148 12.08800030 5.000000
38602349.15954590 3347175.62652588 11.92199993 5.000000
38602353.83453369 3347176.13952637 12.58600044 5.000000
38602349.35552979 3347175.64453125 11.49300003 5.000000
38602349.68652344 3347175.67950439 11.22700024 5.000000
38602349.78054810 3347175.68853760 11.08100033 5.000000
38602349.52255249 3347175.65948486 10.89599991 5.000000
38602349.20553589 3347175.62353516 10.71300030 5.000000
38602349.07553101 3347175.60852051 10.55300045 5.000000
38602353.63653564 3347176.10552979 10.51299953 5.000000
38602353.58053589 3347176.09851074 10.30900002 5.000000
38602353.65353394 3347176.10449219 10.10999966 5.000000
38602353.92453003 3347176.05950928 15.88899994 5.000000
38602353.45452881 3347176.00653076 15.49499989 5.000000
38602353.15954590 3347175.97149658 14.95600033 5.000000
38602352.84454346 3347175.93548584 14.64400005 5.000000
38602351.26553345 3347175.75848389 13.96300030 5.000000
38602351.15753174 3347175.74548340 13.74400043 5.000000
38602351.40954590 3347175.77252197 13.62800026 5.000000
38602352.29052734 3347175.86853027 13.67099953 5.000000
38602349.21752930 3347175.52850342 12.71000004 5.000000
38602349.21554565 3347175.52648926 12.55200005 5.000000
38602349.52954102 3347175.56048584 12.46500015 5.000000
38602349.34252930 3347175.53948975 12.26599979 5.000000
38602349.25253296 3347175.52850342 12.09099960 5.000000
38602349.29254150 3347175.53149414 11.94299984 5.000000
38602353.95953369 3347176.04449463 12.60499954 5.000000
38602353.91653442 3347176.03851318 12.38799953 5.000000
38602354.04855347 3347176.05151367 12.19900036 5.000000
38602353.50753784 3347175.99053955 11.91300011 5.000000
38602349.86254883 3347175.58953857 11.24699974 5.000000
38602348.85354614 3347175.47650146 10.82600021 5.000000
38602348.95254517 3347175.48651123 10.68799973 5.000000
38602349.01354980 3347175.49249268 10.54599953 5.000000
38602349.29653931 3347175.52252197 10.41800022 5.000000
38602353.94454956 3347175.96148682 15.89000034 5.000000
38602353.39852905 3347175.89953613 15.46800041 5.000000
38602353.29953003 3347175.88751221 15.21399975 5.000000
38602353.27053833 3347175.88348389 14.98700047 5.000000
38602352.50854492 3347175.79748535 14.53299999 5.000000
38602351.96554565 3347175.73553467 13.97000027 5.000000
38602352.13552856 3347175.75250244 13.82100010 5.000000
38602352.49154663 3347175.79052734 13.71800041 5.000000
38602353.72955322 3347175.92553711 13.61299992 5.000000
38602353.67153931 3347175.91351318 12.75899982 5.000000
38602355.83255005 3347176.14953613 12.69600010 5.000000
38602353.96252441 3347175.94250488 12.18200016 5.000000
38602354.68453979 3347176.02050781 12.07400036 5.000000
38602349.55453491 3347175.45550537 11.20499992 5.000000
38602349.80453491 3347175.48248291 11.07900047 5.000000
38602348.91253662 3347175.38348389 10.82900047 5.000000
38602348.90554810 3347175.38153076 10.68200016 5.000000
38602348.94952393 3347175.38549805 10.53899956 5.000000
38602353.48153687 3347175.88049316 10.50100040 5.000000
38602353.46954346 3347175.87750244 10.30099964 5.000000
38602353.46154785 3347175.87548828 10.10200024 5.000000
38602353.45553589 3347175.80651855 15.48200035 5.000000
38602353.62454224 3347175.82250977 14.87500000 5.000000
38602352.30453491 3347175.67449951 14.26200008 5.000000
38602352.20953369 3347175.66351318 14.03499985 5.000000
38602352.36953735 3347175.67950439 13.88000011 5.000000
38602352.79052734 3347175.72448730 13.58800030 5.000000
38602349.35653687 3347175.34350586 12.41800022 5.000000
38602349.25354004 3347175.32952881 12.08399963 5.000000
38602353.75354004 3347175.82348633 12.56200027 5.000000
38602349.58154297 3347175.36352539 11.67500019 5.000000
38602353.77352905 3347175.82348633 12.14999962 5.000000
38602349.59854126 3347175.36352539 11.36400032 5.000000
38602354.83255005 3347175.93750000 11.87300014 5.000000
38602349.00454712 3347175.29553223 10.83699989 5.000000
38602350.37054443 3347175.44348145 10.64999962 5.000000
38602350.39053345 3347175.44451904 10.48900032 5.000000
38602350.97152710 3347175.50750732 10.35799980 5.000000
38602353.66653442 3347175.80151367 10.30799961 5.000000
38602353.19754028 3347175.68548584 15.38599968 5.000000
38602353.05752563 3347175.66949463 15.12100029 5.000000
38602353.22854614 3347175.68652344 14.96199989 5.000000
38602352.34954834 3347175.58752441 14.27099991 5.000000
38602352.36654663 3347175.58551025 13.67599964 5.000000
38602349.41754150 3347175.25848389 12.58699989 5.000000
38602349.36553955 3347175.25048828 12.26000023 5.000000
38602353.74554443 3347175.73150635 12.76599979 5.000000
38602353.70553589 3347175.72552490 12.55000019 5.000000
38602353.77954102 3347175.73248291 12.35599995 5.000000
38602353.94653320 3347175.74951172 12.17399979 5.000000
38602354.79553223 3347175.84149170 12.08300018 5.000000
38602349.74154663 3347175.28552246 11.22399998 5.000000
38602355.75054932 3347175.94451904 11.75800037 5.000000
38602349.66754150 3347175.27551270 10.90299988 5.000000
38602349.63952637 3347175.27148438 10.74499989 5.000000
38602350.28753662 3347175.34149170 10.64200020 5.000000
38602350.67553711 3347175.38348389 10.50599957 5.000000
38602353.56454468 3347175.69848633 10.50199986 5.000000
38602353.72152710 3347175.71453857 10.30900002 5.000000
38602354.27554321 3347175.77453613 10.12500000 5.000000
38602353.09454346 3347175.56951904 15.12899971 5.000000
38602353.18453979 3347175.57751465 14.72799969 5.000000
38602352.56152344 3347175.50750732 14.32999992 5.000000
38602352.34555054 3347175.48248291 14.06499958 5.000000
38602352.24154663 3347175.47052002 13.83699989 5.000000
38602352.18652344 3347175.46252441 13.62600040 5.000000
38602352.50555420 3347175.49749756 13.51000023 5.000000
38602352.63055420 3347175.50952148 13.34200001 5.000000
38602349.21054077 3347175.12951660 11.91499996 5.000000
38602349.34054565 3347175.14251709 11.78499985 5.000000
38602349.63253784 3347175.17352295 11.67800045 5.000000
38602349.86953735 3347175.19952393 11.55700016 5.000000
38602349.84454346 3347175.19549561 11.39400005 5.000000
38602349.78955078 3347175.18853760 11.22900009 5.000000
38602349.91152954 3347175.20153809 11.08500004 5.000000
38602349.81454468 3347175.18951416 10.91699982 5.000000
38602349.77053833 3347175.18353271 10.75599957 5.000000
38602353.77752686 3347175.62152100 10.91899967 5.000000
38602353.60952759 3347175.60253906 10.70400047 5.000000
38602353.53152466 3347175.59252930 10.49899960 5.000000
38602353.75653076 3347175.61553955 10.10799980 5.000000
38602353.22253418 3347175.48449707 15.38500023 5.000000
38602353.24154663 3347175.48553467 15.17300034 5.000000
38602353.18652344 3347175.47753906 14.93799973 5.000000
38602353.25152588 3347175.48352051 14.74499989 5.000000
38602352.76654053 3347175.42950439 14.38599968 5.000000
38602353.01754761 3347175.45550537 14.25199986 5.000000
38602352.22854614 3347175.36749268 13.82900047 5.000000
38602352.26852417 3347175.37152100 13.64299965 5.000000
38602352.68252563 3347175.41552734 13.55000019 5.000000
38602349.52352905 3347175.06652832 12.60499954 5.000000
38602349.44354248 3347175.05651855 12.42800045 5.000000
38602349.49453735 3347175.06152344 12.27999973 5.000000
38602349.31555176 3347175.04150391 12.08699989 5.000000
38602349.81753540 3347175.09350586 11.70600033 5.000000
38602353.66152954 3347175.51452637 12.12600040 5.000000
38602354.85855103 3347175.64550781 12.08800030 5.000000
38602354.89755249 3347175.64849854 11.87500000 5.000000
38602350.01254272 3347175.11151123 11.09500027 5.000000
38602350.08053589 3347175.11749268 10.94299984 5.000000
38602349.95553589 3347175.10351563 10.77099991 5.000000
38602353.87854004 3347175.53253174 10.92500019 5.000000
38602353.73153687 3347175.51452637 10.71100044 5.000000
38602353.95755005 3347175.53851318 10.52200031 5.000000
38602353.84054565 3347175.52453613 10.31299973 5.000000
38602353.75955200 3347175.51452637 10.10700035 5.000000
38602353.27853394 3347175.38250732 15.17899990 5.000000
38602353.36553955 3347175.39050293 14.99100018 5.000000
38602353.42953491 3347175.39648438 14.79399967 5.000000
38602353.12954712 3347175.36248779 14.48900032 5.000000
38602353.26052856 3347175.37548828 14.31599998 5.000000
38602352.46752930 3347175.28753662 13.88899994 5.000000
38602352.83453369 3347175.32550049 13.58300018 5.000000
38602349.68453979 3347174.97753906 12.63899994 5.000000
38602349.50152588 3347174.95452881 12.11999989 5.000000
38602349.44653320 3347174.94750977 11.95300007 5.000000
38602349.83752441 3347174.98852539 11.70600033 5.000000
38602353.88153076 3347175.43151855 12.15600014 5.000000
38602354.96154785 3347175.54949951 12.09899998 5.000000
38602354.82153320 3347175.53253174 11.86200047 5.000000
38602354.95153809 3347175.54553223 11.65999985 5.000000
38602350.66552734 3347175.07550049 11.00100040 5.000000
38602353.94253540 3347175.43353271 11.13300037 5.000000
38602353.78253174 3347175.41448975 10.91600037 5.000000
38602353.98355103 3347175.43249512 10.11400032 5.000000
38602353.41854858 3347175.28753662 15.00199986 5.000000
38602353.32855225 3347175.27648926 14.75699997 5.000000
38602353.37652588 3347175.28051758 14.55700016 5.000000
38602353.97653198 3347175.34448242 14.29599953 5.000000
38602353.46453857 3347175.28753662 13.94400024 5.000000
38602353.43554688 3347175.28253174 13.72700024 5.000000
38602353.76852417 3347175.31848145 13.59700012 5.000000
38602349.54354858 3347174.85150146 12.44099998 5.000000
38602349.52154541 3347174.84851074 12.27799988 5.000000
38602353.43554688 3347175.27850342 12.89900017 5.000000
38602350.45153809 3347174.94848633 11.96899986 5.000000
38602350.32855225 3347174.93249512 11.61699963 5.000000
38602350.36553955 3347174.93652344 11.45800018 5.000000
38602354.78854370 3347175.42053223 11.85499954 5.000000
38602355.11453247 3347175.45550537 11.67599964 5.000000
38602350.88754272 3347174.99053955 11.02099991 5.000000
38602354.02154541 3347175.33349609 11.13799953 5.000000
38602353.79553223 3347175.30749512 10.91399956 5.000000
38602353.77655029 3347175.30450439 10.71000004 5.000000
38602353.97055054 3347175.32452393 10.51900005 5.000000
38602353.92254639 3347175.31750488 10.31299973 5.000000
38602354.05554199 3347175.33148193 10.11400032 5.000000
38602353.40554810 3347175.18450928 14.77499962 5.000000
38602353.48355103 3347175.19152832 14.58399963 5.000000
38602353.73754883 3347175.21850586 14.44099998 5.000000
38602354.03753662 3347175.25048828 14.30700016 5.000000
38602353.45053101 3347175.18450928 13.93599987 5.000000
38602353.39852905 3347175.17852783 13.71300030 5.000000
38602349.59252930 3347174.75653076 12.44799995 5.000000
38602355.39154053 3347175.39453125 13.51299953 5.000000
38602353.46554565 3347175.18151855 12.90100002 5.000000
38602350.65155029 3347174.87048340 12.17099953 5.000000
38602353.62954712 3347175.19750977 12.52099991 5.000000
38602353.65252686 3347175.19848633 12.31900024 5.000000
38602350.56454468 3347174.85748291 11.48299980 5.000000
38602350.51852417 3347174.85150146 11.31099987 5.000000
38602353.87954712 3347175.21551514 10.91899967 5.000000
38602353.85354614 3347175.21148682 10.71399975 5.000000
38602353.60153198 3347175.10748291 14.61299992 5.000000
38602354.32052612 3347175.18548584 14.60299969 5.000000
38602354.41354370 3347175.19451904 14.40499973 5.000000
38602353.62652588 3347175.10150146 12.92899990 5.000000
38602350.68054199 3347174.77648926 12.17199993 5.000000
38602350.54653931 3347174.76049805 11.97900009 5.000000
38602350.42755127 3347174.74548340 11.62600040 5.000000
38602355.12454224 3347175.25952148 11.89200020 5.000000
38602355.15252686 3347175.26153564 11.67500019 5.000000
38602355.27255249 3347175.19049072 13.25199986 5.000000
38602350.75955200 3347174.69049072 11.84300041 5.000000
38602350.66354370 3347174.67950439 11.65900040 5.000000
38602350.49752808 3347174.66052246 11.46800041 5.000000
38602350.53454590 3347174.66351318 11.30799961 5.000000
38602355.14755249 3347175.16851807 11.67199993 5.000000
38602355.39154053 3347175.10052490 13.04500008 5.000000
38602350.72253418 3347174.58648682 12.00399971 5.000000
38602354.71752930 3347175.02349854 12.26599979 5.000000
38602354.72354126 3347175.02252197 12.05099964 5.000000
38602354.80053711 3347175.02947998 11.84500027 5.000000
38602354.89852905 3347175.03948975 11.64099979 5.000000
38602347.07452393 3347174.17852783 10.25100040 5.000000
38602350.74453735 3347174.48449707 11.83500004 5.000000
38602354.64553833 3347174.91052246 12.03800011 5.000000
38602354.73654175 3347174.91949463 11.83500004 5.000000
38602347.05853271 3347174.07049561 9.76099968 5.000000
38602353.22039795 3347181.60876465 10.47099972 5.000000
38602352.55340576 3347181.44677734 10.42800045 5.000000
38602352.84039307 3347181.38177490 10.44600010 5.000000
38602353.08239746 3347181.30676270 10.46100044 5.000000
38602352.92239380 3347181.47979736 10.35900021 5.000000
38602353.22940063 3347181.70477295 10.28400040 5.000000
38602352.63940430 3347181.16076660 10.43000031 5.000000
38602352.90737915 3347181.37579346 10.35599995 5.000000
38602353.18038940 3347181.67980957 10.18500042 5.000000
38602349.90139771 3347180.68280029 10.24699974 5.000000
38602352.26937866 3347181.09478760 10.31400013 5.000000
38602351.07040405 3347180.69775391 10.32199955 5.000000
38602352.42639160 3347181.19580078 10.23299980 5.000000
38602353.38339233 3347181.50280762 10.19200039 5.000000
38602353.33740234 3347181.21075439 10.28199959 5.000000
38602351.10137939 3347180.50775146 10.32199955 5.000000
38602352.32739258 3347180.99078369 10.22599983 5.000000
38602353.54339600 3347181.32977295 10.19799995 5.000000
38602350.17239380 3347180.31475830 10.26099968 5.000000
38602351.12338257 3347180.74475098 10.15999985 5.000000
38602350.99038696 3347180.28680420 10.31400013 5.000000
38602351.22940063 3347180.47979736 10.24699974 5.000000
38602352.42138672 3347180.97375488 10.14200020 5.000000
38602351.37438965 3347180.56579590 10.17199993 5.000000
38602350.88540649 3347180.07879639 10.30300045 5.000000
38602351.10137939 3347180.26776123 10.23600006 5.000000
38602350.98040771 3347180.42175293 10.14799976 5.000000
38602350.93338013 3347179.99078369 10.30399990 5.000000
38602351.02038574 3347180.16577148 10.22900009 5.000000
38602350.93338013 3347180.32275391 10.14299965 5.000000
38602352.90737915 3347180.93176270 10.06900024 5.000000
38602350.52539063 3347179.85278320 10.27499962 5.000000
38602353.05538940 3347180.66375732 10.16499996 5.000000
38602350.10940552 3347179.71276855 10.24699974 5.000000
38602352.91638184 3347180.73376465 10.06599998 5.000000
38602350.13739014 3347179.77075195 10.17099953 5.000000
38602350.93539429 3347180.02178955 10.13899994 5.000000
38602352.87139893 3347180.81176758 9.97200012 5.000000
38602349.80538940 3347179.47375488 10.22700024 5.000000
38602350.09939575 3347179.81475830 10.09399986 5.000000
38602353.84738159 3347180.45581055 10.20300007 5.000000
38602351.05639648 3347180.26275635 9.98400021 5.000000
38602349.76937866 3347179.36975098 10.22399998 5.000000
38602349.94238281 3347179.54077148 10.15999985 5.000000
38602349.94738770 3347179.69580078 10.08500004 5.000000
38602353.92037964 3347180.36376953 10.20699978 5.000000
38602351.00140381 3347180.15380859 9.98099995 5.000000
38602349.83740234 3347179.27880859 10.22799969 5.000000
38602350.99938965 3347180.22277832 9.89999962 5.000000
38602352.81640625 3347180.68280029 9.88000011 5.000000
38602350.00939941 3347179.51379395 10.08699989 5.000000
38602350.12039185 3347179.84075928 9.94099998 5.000000
38602350.97738647 3347180.12677002 9.89799976 5.000000
38602349.84539795 3347179.08776855 10.22599983 5.000000
38602349.97439575 3347179.71881104 9.93400002 5.000000
38602350.25939941 3347179.91778564 9.86900043 5.000000
38602349.87039185 3347179.14178467 10.15200043 5.000000
38602349.97940063 3347179.30780029 10.08300018 5.000000
38602352.41238403 3347179.77679443 10.12899971 5.000000
38602350.29537964 3347178.92077637 10.25300026 5.000000
38602350.11639404 3347179.52679443 9.93900013 5.000000
38602350.09738159 3347179.68078613 9.86200047 5.000000
38602351.00439453 3347179.98376465 9.81599998 5.000000
38602352.64138794 3347179.04876709 10.40600014 5.000000
38602350.05938721 3347178.95275879 10.16300011 5.000000
38602351.00238037 3347180.04980469 9.73600006 5.000000
38602353.01440430 3347179.17279053 10.34000015 5.000000
38602350.24740601 3347179.34576416 9.94499969 5.000000
38602350.22637939 3347179.50079346 9.86699963 5.000000
38602350.04040527 3347179.62878418 9.78400040 5.000000
38602352.69839478 3347178.86175537 10.40900040 5.000000
38602352.81338501 3347179.05578613 10.32699966 5.000000
38602353.11740112 3347179.46380615 10.16399956 5.000000
38602350.01339722 3347179.21777344 9.93400002 5.000000
38602352.77239990 3347179.78778076 9.96700001 5.000000
38602350.20339966 3347179.55975342 9.78999996 5.000000
38602352.72839355 3347178.94677734 10.32100010 5.000000
38602350.10137939 3347179.12878418 9.93700027 5.000000
38602350.57138062 3347179.35577393 9.88000011 5.000000
38602352.88940430 3347179.89080811 9.88099957 5.000000
38602352.96240234 3347178.68579102 10.42300034 5.000000
38602353.24838257 3347179.08880615 10.25899982 5.000000
38602349.18438721 3347178.20977783 10.17599964 5.000000
38602352.90139771 3347178.75579834 10.32800007 5.000000
38602353.02740479 3347178.95477295 10.24499989 5.000000
38602353.38839722 3347179.18676758 10.17300034 5.000000
38602353.03738403 3347179.32879639 10.06499958 5.000000
38602352.68338013 3347179.46179199 9.96000004 5.000000
38602352.95040894 3347179.68878174 9.88000011 5.000000
38602352.88940430 3347179.86578369 9.78699970 5.000000
38602353.60739136 3347178.44281006 10.45899963 5.000000
38602349.04739380 3347178.14178467 10.09399986 5.000000
38602353.03540039 3347178.75775146 10.24199963 5.000000
38602353.15939331 3347179.14678955 10.06700039 5.000000
38602353.27139282 3347179.35180664 9.97999954 5.000000
38602352.93640137 3347179.48779297 9.87600040 5.000000
38602353.39639282 3347178.32977295 10.44400024 5.000000
38602353.09039307 3347178.85778809 10.15299988 5.000000
38602352.87738037 3347179.01477051 10.05300045 5.000000
38602353.04537964 3347179.41180420 9.87899971 5.000000
38602351.98040771 3347178.09179688 10.35200024 5.000000
38602349.07739258 3347178.23876953 9.95499992 5.000000
38602352.93139648 3347178.92077637 10.05599976 5.000000
38602353.13439941 3347179.13677979 9.97399998 5.000000
38602352.83837891 3347179.64776611 9.69200039 5.000000
38602348.94140625 3347177.69378662 10.15600014 5.000000
38602349.21740723 3347177.86578369 10.10299969 5.000000
38602353.44839478 3347178.51080322 10.26399994 5.000000
38602352.88839722 3347179.55377197 9.69499969 5.000000
38602353.13439941 3347177.99279785 10.42800045 5.000000
38602349.14739990 3347177.89276123 10.02900028 5.000000
38602352.83639526 3347179.06378174 9.87500000 5.000000
38602351.95938110 3347177.77880859 10.35099983 5.000000
38602349.14840698 3347177.64978027 10.09899998 5.000000
38602349.05639648 3347178.06781006 9.88500023 5.000000
38602352.78338623 3347178.95477295 9.87300014 5.000000
38602352.77539063 3347179.13775635 9.78299999 5.000000
38602352.93640137 3347179.35180664 9.69799995 5.000000
38602348.83639526 3347177.37878418 10.14700031 5.000000
38602353.16940308 3347177.98480225 10.33899975 5.000000
38602352.91439819 3347178.87780762 9.87699986 5.000000
38602352.84439087 3347179.05175781 9.78499985 5.000000
38602353.15539551 3347179.29376221 9.70300007 5.000000
38602353.11138916 3347177.70080566 10.42399979 5.000000
38602348.86437988 3347177.42779541 10.08100033 5.000000
38602349.15737915 3347177.89080811 9.88899994 5.000000
38602354.61740112 3347177.94775391 10.42300034 5.000000
38602349.09338379 3347177.78179932 9.88500023 5.000000
38602349.14038086 3347178.07678223 9.74800014 5.000000
38602353.02438354 3347179.07476807 9.69900036 5.000000
38602353.70538330 3347177.55780029 10.45899963 5.000000
38602354.56539917 3347177.84075928 10.41800022 5.000000
38602353.27639771 3347177.88879395 10.25100040 5.000000
38602351.82638550 3347177.88879395 10.08800030 5.000000
38602348.97637939 3347177.66375732 9.87899971 5.000000
38602349.29238892 3347177.99877930 9.75199986 5.000000
38602352.96337891 3347178.77478027 9.78600025 5.000000
38602352.89437866 3347178.94879150 9.69499969 5.000000
38602348.89239502 3347177.12878418 10.07800007 5.000000
38602353.49038696 3347177.81176758 10.26099968 5.000000
38602349.16540527 3347177.87579346 9.74600029 5.000000
38602353.64239502 3347177.34075928 10.45300007 5.000000
38602353.95840454 3347177.75878906 10.28600025 5.000000
38602354.31439209 3347177.99877930 10.21000004 5.000000
38602353.27340698 3347178.23876953 9.97700024 5.000000
38602354.04040527 3347177.66778564 10.29100037 5.000000
38602353.47839355 3347177.79077148 10.16899967 5.000000
38602354.39340210 3347178.10675049 10.11800003 5.000000
38602351.92639160 3347177.93676758 9.92399979 5.000000
38602348.98138428 3347177.63677979 9.73999977 5.000000
38602352.54840088 3347177.03680420 10.38300037 5.000000
38602353.71240234 3347177.53076172 10.27400017 5.000000
38602353.90539551 3347177.74676514 10.19099998 5.000000
38602354.11938477 3347177.96978760 10.10700035 5.000000
38602351.94338989 3347178.01379395 9.84200001 5.000000
38602349.03039551 3347177.68780518 9.67399979 5.000000
38602349.21038818 3347176.76177979 10.09599972 5.000000
38602349.33139038 3347176.91979980 10.03400040 5.000000
38602352.02038574 3347177.75677490 9.92899990 5.000000
38602349.04638672 3347176.50177002 10.15400028 5.000000
38602349.06039429 3347176.64379883 10.08600044 5.000000
38602354.34240723 3347177.40777588 10.30700016 5.000000
38602354.68838501 3347177.64978027 10.22900009 5.000000
38602354.41439819 3347178.01275635 10.02299976 5.000000
38602349.28839111 3347176.85076904 9.95899963 5.000000
38602354.13739014 3347177.66979980 10.10499954 5.000000
38602351.94540405 3347178.05877686 9.67199993 5.000000
38602348.95239258 3347176.55975342 10.00899982 5.000000
38602348.94140625 3347176.69879150 9.93999958 5.000000
38602354.84039307 3347177.86376953 10.03499985 5.000000
38602352.00338745 3347177.78576660 9.75599957 5.000000
38602351.95739746 3347177.95178223 9.67000008 5.000000
38602352.01538086 3347178.13775635 9.58699989 5.000000
38602353.22140503 3347176.59381104 10.41800022 5.000000
38602348.79638672 3347176.30279541 10.06499958 5.000000
38602348.79138184 3347176.43975830 9.99800014 5.000000
38602349.71139526 3347176.30377197 10.11800003 5.000000
38602348.89038086 3347176.49377441 9.93500042 5.000000
38602349.03338623 3347176.65277100 9.87300014 5.000000
38602351.99139404 3347177.93377686 9.58300018 5.000000
38602351.99938965 3347178.11077881 9.49899960 5.000000
38602353.05340576 3347176.56976318 10.31499958 5.000000
38602350.46640015 3347176.75775146 9.93500042 5.000000
38602354.72637939 3347177.75476074 9.92700005 5.000000
38602348.50640869 3347175.84576416 10.10700035 5.000000
38602348.83340454 3347176.01477051 10.06200027 5.000000
38602348.72439575 3347176.27679443 9.92300034 5.000000
38602349.00738525 3347176.45379639 9.86900043 5.000000
38602350.39340210 3347176.80175781 9.85499954 5.000000
38602352.01040649 3347177.91479492 9.49600029 5.000000
38602353.26840210 3347176.20477295 10.41199970 5.000000
38602348.97238159 3347176.20678711 9.93299961 5.000000
38602354.57238770 3347177.52575684 9.91800022 5.000000
38602352.00238037 3347178.16180420 9.32299995 5.000000
38602353.13940430 3347176.08477783 10.40200043 5.000000
38602353.36437988 3347176.29180908 10.32699966 5.000000
38602353.82839966 3347176.53179932 10.26200008 5.000000
38602349.24539185 3347176.27575684 9.87600040 5.000000
38602351.98840332 3347178.04980469 9.32199955 5.000000
38602353.20339966 3347175.99176025 10.40400028 5.000000
38602353.24639893 3347176.17980957 10.31799984 5.000000
38602349.07839966 3347176.15277100 9.86699963 5.000000
38602349.47738647 3347176.49877930 9.74400043 5.000000
38602350.84140015 3347176.87878418 9.71199989 5.000000
38602348.87438965 3347175.47576904 10.12500000 5.000000
38602353.18640137 3347176.07678223 10.31299973 5.000000
38602353.14340210 3347176.25476074 10.22200012 5.000000
38602353.16040039 3347176.43975830 10.13399982 5.000000
38602349.26339722 3347176.08081055 9.87399960 5.000000
38602350.55438232 3347176.73175049 9.70300007 5.000000
38602352.03338623 3347177.85980225 9.31999969 5.000000
38602352.04440308 3347178.21777344 9.14799976 5.000000
38602350.75540161 3347175.56475830 10.24499989 5.000000
38602353.33837891 3347176.36877441 10.14200020 5.000000
38602350.08639526 3347176.10180664 9.90999985 5.000000
38602353.38238525 3347175.71881104 10.41300011 5.000000
38602350.66839600 3347175.61175537 10.16199970 5.000000
38602353.08438110 3347176.23480225 10.12899971 5.000000
38602349.52438354 3347176.21276855 9.74300003 5.000000
38602349.31439209 3347176.32275391 9.66699982 5.000000
38602353.07138062 3347176.13079834 10.12800026 5.000000
38602353.96939087 3347176.43780518 10.07900047 5.000000
38602352.00839233 3347178.08380127 9.06200027 5.000000
38602353.62240601 3347175.53179932 10.42599964 5.000000
38602353.52340698 3347175.70776367 10.32999992 5.000000
38602353.36639404 3347175.87579346 10.23099995 5.000000
38602350.09439087 3347176.09277344 9.76200008 5.000000
38602352.05838013 3347177.98675537 9.06099987 5.000000
38602353.37939453 3347175.77777100 10.22999954 5.000000
38602353.37640381 3347175.77075195 10.13700008 5.000000
38602353.69839478 3347175.99975586 10.06099987 5.000000
38602353.19238281 3347176.11279297 9.94999981 5.000000
38602353.55038452 3347175.50378418 10.23499966 5.000000
38602353.27539063 3347176.02276611 9.95300007 5.000000
38602353.52438354 3347175.66375732 10.05099964 5.000000
38602348.95053101 3347178.29449463 8.46199989 5.000000
38602348.74954224 3347178.27148438 8.32900047 5.000000
38602348.84753418 3347177.97351074 8.62800026 5.000000
38602348.80053711 3347177.96752930 8.48200035 5.000000
38602348.86654663 3347177.97448730 8.32600021 5.000000
38602352.41552734 3347177.87548828 8.94699955 5.000000
38602352.42654419 3347177.87652588 8.75599957 5.000000
38602352.43154907 3347177.87548828 8.56499958 5.000000
38602352.42654419 3347177.87353516 8.37399960 5.000000
38602352.44354248 3347177.77752686 8.94600010 5.000000
38602352.47253418 3347177.77850342 8.56299973 5.000000
38602352.47152710 3347177.77752686 8.37199974 5.000000
38602348.17739868 3347179.49279785 8.50199986 5.000000
38602348.18539429 3347179.64379883 8.43000031 5.000000
38602348.27438354 3347179.32379150 8.49499989 5.000000
38602348.18838501 3347179.58776855 8.35799980 5.000000
38602348.26840210 3347179.52075195 8.35200024 5.000000
38602348.26840210 3347179.30877686 8.35099983 5.000000
38602348.35040283 3347179.07879639 8.41699982 5.000000
38602348.31539917 3347179.11175537 8.34700012 5.000000
38602352.05239868 3347178.04876709 8.88599968 5.000000
38602352.12539673 3347177.96478271 8.88500023 5.000000
38602352.05438232 3347178.20477295 8.71100044 5.000000
38602352.07238770 3347178.09979248 8.71000004 5.000000
38602352.08538818 3347177.99279785 8.70899963 5.000000
38602352.10339355 3347178.06677246 8.52900028 5.000000
38602352.15838623 3347177.98077393 8.52700043 5.000000
38602352.05139160 3347178.20880127 8.35400009 5.000000
38602352.10540771 3347178.10180664 8.26599979 5.000000
38602346.42053223 3347174.00653076 10.66699982 5.000000
38602346.62252808 3347173.52947998 10.79899979 5.000000
