38602321.62640381 3347247.52978516 13.95100021 5.000000
38602321.64038086 3347246.65075684 14.17700005 5.000000
38602321.65240479 3347246.50476074 14.19900036 5.000000
38602321.71640015 3347246.80377197 14.01599979 5.000000
38602321.74139404 3347246.74475098 13.99600029 5.000000
38602321.78338623 3347246.86077881 13.89799976 5.000000
38602321.80538940 3347246.56280518 13.95300007 5.000000
38602319.05340576 3347246.88677979 9.31200027 5.000000
38602319.09140015 3347246.79180908 9.31200027 5.000000
38602319.03738403 3347246.85577393 9.08399963 5.000000
38602319.04739380 3347246.82678223 8.99800014 5.000000
38602319.08340454 3347246.71575928 9.05599976 5.000000
38602319.10137939 3347246.71179199 8.91300011 5.000000
38602319.09838867 3347246.67980957 8.68099976 5.000000
38602319.08038330 3347246.68975830 8.53299999 5.000000
38602318.15280151 3347250.36126709 11.54300022 5.000000
38602318.26879883 3347250.38726807 11.56999969 5.000000
38602318.50979614 3347250.34027100 11.55200005 5.000000
38602318.68579102 3347250.37927246 11.54800034 5.000000
38602318.41479492 3347250.32226563 12.02400017 5.000000
38602318.66278076 3347250.27124023 11.29800034 5.000000
38602318.83679199 3347250.31024170 11.29800034 5.000000
38602318.87680054 3347250.32025146 11.40999985 5.000000
38602318.84878540 3347250.31622314 11.75199986 5.000000
38602318.80780029 3347250.30822754 11.84000015 5.000000
38602318.02780151 3347250.04022217 11.83500004 5.000000
38602318.73577881 3347250.19824219 11.67500019 5.000000
38602318.58779907 3347250.16723633 12.02799988 5.000000
38602318.94079590 3347250.13726807 11.08500004 5.000000
38602318.98977661 3347250.15026855 11.31499958 5.000000
38602317.88479614 3347249.90625000 11.82199955 5.000000
38602318.93377686 3347250.13922119 11.59399986 5.000000
38602318.80780029 3347250.11224365 11.78600025 5.000000
38602318.69580078 3347250.08825684 11.90999985 5.000000
38602319.16677856 3347250.08526611 11.07400036 5.000000
38602319.04278564 3347250.05926514 11.36299992 5.000000
38602319.09777832 3347250.07226563 11.52799988 5.000000
38602319.11380005 3347250.07623291 11.64999962 5.000000
38602319.11880493 3347249.96221924 11.15699959 5.000000
38602319.09179688 3347249.95727539 11.28899956 5.000000
38602318.91079712 3347249.91827393 11.55399990 5.000000
38602319.02380371 3347249.94525146 11.70100021 5.000000
38602318.77380371 3347249.89025879 11.88899994 5.000000
38602318.97879028 3347249.82922363 11.21300030 5.000000
38602319.29479980 3347249.89923096 11.15699959 5.000000
38602319.32980347 3347249.90826416 11.26099968 5.000000
38602317.71978760 3347249.55224609 12.07299995 5.000000
38602319.03277588 3347249.84326172 11.57199955 5.000000
38602319.29080200 3347249.90124512 11.64500046 5.000000
38602319.38879395 3347249.92626953 12.11699963 5.000000
38602319.24978638 3347249.78723145 11.06299973 5.000000
38602319.08877563 3347249.75427246 11.49100018 5.000000
38602319.57379150 3347249.86224365 11.34000015 5.000000
38602319.30477905 3347249.80322266 11.58399963 5.000000
38602318.31478882 3347249.58526611 12.20699978 5.000000
38602319.45880127 3347249.83825684 11.75800037 5.000000
38602319.46377563 3347249.84124756 11.94900036 5.000000
38602319.54779053 3347249.86022949 12.09799957 5.000000
38602318.21978760 3347249.46124268 11.42700005 5.000000
38602319.15979004 3347249.67126465 11.15900040 5.000000
38602319.19879150 3347249.68023682 11.20499992 5.000000
38602319.30178833 3347249.70324707 11.22599983 5.000000
38602318.16580200 3347249.45123291 11.74300003 5.000000
38602319.18978882 3347249.68023682 11.64599991 5.000000
38602319.38580322 3347249.72424316 11.61499977 5.000000
38602318.42880249 3347249.51422119 12.23600006 5.000000
38602319.15078735 3347249.67321777 11.93099976 5.000000
38602319.62078857 3347249.77923584 11.93099976 5.000000
38602319.17880249 3347249.57324219 11.09799957 5.000000
38602318.41278076 3347249.40325928 11.50599957 5.000000
38602319.48977661 3347249.64324951 11.21700001 5.000000
38602318.53579712 3347249.43127441 11.67099953 5.000000
38602318.91079712 3347249.51525879 11.58100033 5.000000
38602319.72778320 3347249.69726563 11.39900017 5.000000
38602319.63177490 3347249.67626953 11.50300026 5.000000
38602319.50277710 3347249.64825439 11.62699986 5.000000
38602319.87680054 3347249.73126221 11.49600029 5.000000
38602319.68078613 3347249.68927002 11.71800041 5.000000
38602319.57278442 3347249.66625977 12.03499985 5.000000
38602319.63479614 3347249.68023682 12.06299973 5.000000
38602319.86779785 3347249.73223877 12.04399967 5.000000
38602319.34179688 3347249.61822510 12.61499977 5.000000
38602319.58578491 3347249.67224121 12.58800030 5.000000
38602319.58877563 3347249.67321777 12.66100025 5.000000
38602319.76977539 3347249.71527100 12.74600029 5.000000
38602319.81777954 3347249.72521973 12.78299999 5.000000
38602318.05477905 3347249.22125244 11.64400005 5.000000
38602318.73977661 3347249.37322998 11.45499992 5.000000
38602319.71179199 3347249.59027100 11.13300037 5.000000
38602318.91278076 3347249.41326904 11.65400028 5.000000
38602319.61880493 3347249.57025146 11.39799976 5.000000
38602319.64880371 3347249.57727051 11.44299984 5.000000
38602319.04678345 3347249.44525146 11.86299992 5.000000
38602320.01278687 3347249.65924072 11.48900032 5.000000
38602319.92178345 3347249.64025879 11.71100044 5.000000
38602319.88980103 3347249.63323975 11.85099983 5.000000
38602319.18478394 3347249.47924805 12.57999992 5.000000
38602319.17880249 3347249.47924805 12.66199970 5.000000
38602319.35079956 3347249.51727295 12.69600010 5.000000
38602319.81079102 3347249.62127686 12.80200005 5.000000
38602318.83578491 3347249.29125977 11.35700035 5.000000
38602319.86578369 3347249.52026367 11.07600021 5.000000
38602318.21878052 3347249.15423584 11.81400013 5.000000
38602319.05877686 3347249.34124756 11.52999973 5.000000
38602319.91479492 3347249.53222656 11.21599960 5.000000
38602318.62377930 3347249.24627686 11.93400002 5.000000
38602318.55978394 3347249.23223877 12.03899956 5.000000
38602319.91677856 3347249.53326416 11.43400002 5.000000
38602320.01480103 3347249.55627441 11.55200005 5.000000
38602319.07379150 3347249.34826660 12.21000004 5.000000
38602319.75180054 3347249.49822998 11.88099957 5.000000
38602318.97579956 3347249.32727051 12.41699982 5.000000
38602319.08078003 3347249.35125732 12.50500011 5.000000
38602319.97180176 3347249.54821777 11.99499989 5.000000
38602319.58679199 3347249.46624756 12.68599987 5.000000
38602319.74380493 3347249.50122070 12.71599960 5.000000
38602319.81979370 3347249.51824951 12.80799961 5.000000
38602318.39279175 3347249.08227539 11.74800014 5.000000
38602319.37280273 3347249.30023193 11.46399975 5.000000
38602318.55978394 3347249.12023926 11.89799976 5.000000
38602319.94677734 3347249.43023682 11.65699959 5.000000
38602318.84777832 3347249.18725586 12.35099983 5.000000
38602320.03378296 3347249.45025635 11.78400040 5.000000
38602320.06280518 3347249.45623779 11.82600021 5.000000
38602319.95278931 3347249.43322754 12.08399963 5.000000
38602320.08279419 3347249.46221924 12.12300014 5.000000
38602320.07080078 3347249.46026611 12.26299953 5.000000
38602319.59280396 3347249.35626221 12.77299976 5.000000
38602317.60278320 3347248.80322266 11.99800014 5.000000
38602318.79977417 3347249.07025146 11.58600044 5.000000
38602318.63879395 3347249.03521729 11.72399998 5.000000
38602319.61779785 3347249.25323486 11.36200047 5.000000
38602319.63580322 3347249.25726318 11.41300011 5.000000
38602319.90777588 3347249.31823730 11.34399986 5.000000
38602318.60379028 3347249.02825928 12.03400040 5.000000
38602319.50677490 3347249.22924805 11.65699959 5.000000
38602319.95077515 3347249.32824707 11.54800034 5.000000
38602319.88177490 3347249.31323242 11.64400005 5.000000
38602320.08078003 3347249.35925293 11.88599968 5.000000
38602320.02978516 3347249.34924316 12.30700016 5.000000
38602319.75677490 3347249.29022217 12.58300018 5.000000
38602319.73278809 3347249.28521729 12.67599964 5.000000
38602319.74780273 3347249.28924561 12.89799976 5.000000
38602318.99877930 3347249.01324463 11.44600010 5.000000
38602318.75878906 3347248.96026611 11.68099976 5.000000
38602319.79977417 3347249.19427490 11.57900047 5.000000
38602319.76678467 3347249.18725586 11.65600014 5.000000
38602319.80578613 3347249.19622803 11.69600010 5.000000
38602319.70779419 3347249.17523193 11.87500000 5.000000
38602319.87777710 3347249.21325684 11.90100002 5.000000
38602319.97979736 3347249.23724365 12.09000015 5.000000
38602320.12478638 3347249.26922607 12.05500031 5.000000
38602319.91378784 3347249.22326660 12.33699989 5.000000
38602319.86880493 3347249.21423340 12.51200008 5.000000
38602319.81777954 3347249.20324707 12.62500000 5.000000
38602320.36578369 3347249.32824707 12.90400028 5.000000
38602320.44079590 3347249.34527588 13.06799984 5.000000
38602320.69079590 3347249.40124512 12.95800018 5.000000
38602317.57177734 3347248.60327148 11.85599995 5.000000
38602317.99380493 3347248.69824219 11.93599987 5.000000
38602318.40878296 3347248.79125977 11.83899975 5.000000
38602318.49078369 3347248.80926514 11.87800026 5.000000
38602320.02078247 3347249.15026855 11.36200047 5.000000
38602320.02478027 3347249.15124512 11.41499996 5.000000
38602319.88980103 3347249.12426758 11.96599960 5.000000
38602319.98678589 3347249.14624023 12.03199959 5.000000
38602319.75778198 3347249.09625244 12.31999969 5.000000
38602319.88879395 3347249.12622070 12.36699963 5.000000
38602319.90377808 3347249.12927246 12.42700005 5.000000
38602319.55279541 3347249.05523682 13.26399994 5.000000
38602319.69979858 3347249.08923340 13.30700016 5.000000
38602319.74380493 3347249.09924316 13.44499969 5.000000
38602320.42977905 3347249.25024414 12.93500042 5.000000
38602320.68878174 3347249.30725098 12.89999962 5.000000
38602320.76278687 3347249.32525635 13.05799961 5.000000
38602318.36779785 3347248.68023682 11.86499977 5.000000
38602319.56079102 3347248.94525146 11.41199970 5.000000
38602319.88580322 3347249.01824951 11.32400036 5.000000
38602318.56478882 3347248.72521973 12.00399971 5.000000
38602319.93078613 3347249.02923584 11.47200012 5.000000
38602319.38079834 3347248.91522217 13.16499996 5.000000
38602319.34979248 3347248.90924072 13.27799988 5.000000
38602319.43377686 3347248.92822266 13.29599953 5.000000
38602320.38177490 3347249.13824463 12.92399979 5.000000
38602320.28079224 3347249.11627197 13.10499954 5.000000
38602320.89779663 3347249.25225830 12.76700020 5.000000
38602320.88879395 3347249.25122070 12.93299961 5.000000
38602321.05078125 3347249.28723145 12.89900017 5.000000
38602321.03680420 3347249.28521729 13.08100033 5.000000
38602317.50878906 3347248.38525391 12.06799984 5.000000
38602319.62979126 3347248.85827637 11.33199978 5.000000
38602317.94580078 3347248.48522949 12.30700016 5.000000
38602319.04879761 3347248.73022461 11.85400009 5.000000
38602318.03479004 3347248.50622559 12.51900005 5.000000
38602318.02178955 3347248.50427246 12.61299992 5.000000
38602319.74978638 3347248.88824463 12.07900047 5.000000
38602319.75778198 3347248.89123535 12.27700043 5.000000
38602319.65478516 3347248.87426758 13.29500008 5.000000
38602319.73077393 3347248.89227295 13.49499989 5.000000
38602320.48779297 3347249.05822754 12.99499989 5.000000
38602320.64578247 3347249.09326172 12.90799999 5.000000
38602320.39578247 3347249.03924561 13.26000023 5.000000
38602320.84878540 3347249.14025879 13.08399963 5.000000
38602321.08779907 3347249.19323730 13.12399960 5.000000
38602316.19479370 3347247.97424316 11.40100002 5.000000
38602316.39880371 3347248.02026367 11.44499969 5.000000
38602319.63580322 3347248.74822998 11.22099972 5.000000
38602316.81280518 3347248.12023926 12.45300007 5.000000
38602317.55380249 3347248.28521729 12.23299980 5.000000
38602318.29177856 3347248.45025635 11.99300003 5.000000
38602318.80477905 3347248.56427002 11.83699989 5.000000
38602319.37777710 3347248.69226074 11.63899994 5.000000
38602319.52679443 3347248.72521973 11.63099957 5.000000
38602318.01879883 3347248.39123535 12.45100021 5.000000
38602319.68280029 3347248.76324463 12.13199997 5.000000
38602319.58279419 3347248.74224854 12.33600044 5.000000
38602319.68878174 3347248.76623535 12.33699989 5.000000
38602318.30877686 3347248.46624756 13.86600018 5.000000
38602319.35079956 3347248.69622803 13.22200012 5.000000
38602319.52877808 3347248.73626709 13.24800014 5.000000
38602319.79177856 3347248.79425049 13.18900013 5.000000
38602319.89678955 3347248.82025146 13.44200039 5.000000
38602319.08178711 3347248.64324951 14.36100006 5.000000
38602320.06079102 3347248.85626221 13.45800018 5.000000
38602320.69677734 3347248.99523926 12.87399960 5.000000
38602320.88079834 3347249.03521729 12.75300026 5.000000
38602320.36978149 3347248.92523193 13.39799976 5.000000
38602320.89477539 3347249.03924561 12.89000034 5.000000
38602321.69677734 3347249.21325684 12.09399986 5.000000
38602320.82879639 3347249.02722168 13.21700001 5.000000
38602321.74679565 3347249.22521973 12.21800041 5.000000
38602321.22479248 3347249.11523438 13.13899994 5.000000
38602321.18078613 3347249.10626221 13.28999996 5.000000
38602316.28680420 3347247.89324951 11.38099957 5.000000
38602316.45880127 3347247.93322754 11.52700043 5.000000
38602316.51678467 3347247.94824219 11.69900036 5.000000
38602316.39779663 3347247.92126465 11.83100033 5.000000
38602317.10278320 3347248.08227539 12.06099987 5.000000
38602319.66079712 3347248.65222168 11.15900040 5.000000
38602319.57278442 3347248.63323975 11.25100040 5.000000
38602317.65280151 3347248.20623779 12.10999966 5.000000
38602317.65979004 3347248.20922852 12.27999973 5.000000
38602319.60278320 3347248.64123535 11.47799969 5.000000
38602319.16580200 3347248.54522705 11.88300037 5.000000
38602317.96279907 3347248.27923584 12.57400036 5.000000
38602317.97579956 3347248.28326416 12.65600014 5.000000
38602319.39578247 3347248.59722900 11.96899986 5.000000
38602319.52578735 3347248.62725830 11.96399975 5.000000
38602319.65979004 3347248.65722656 11.95400047 5.000000
38602319.20077515 3347248.56225586 13.17899990 5.000000
38602319.16378784 3347248.55426025 13.29699993 5.000000
38602319.36477661 3347248.59924316 13.22299957 5.000000
38602318.55178833 3347248.42224121 13.99600029 5.000000
38602319.69079590 3347248.67224121 13.29399967 5.000000
38602319.95880127 3347248.73126221 13.13500023 5.000000
38602320.02780151 3347248.74725342 13.15600014 5.000000
38602318.99780273 3347248.52423096 14.23900032 5.000000
38602319.90179443 3347248.72125244 13.45300007 5.000000
38602320.06878662 3347248.75823975 13.37600040 5.000000
38602320.38778687 3347248.82727051 13.13500023 5.000000
38602320.49179077 3347248.85125732 13.19400024 5.000000
38602321.50180054 3347249.07025146 12.15499973 5.000000
38602320.65979004 3347248.88922119 13.17700005 5.000000
38602320.78579712 3347248.91723633 13.20199966 5.000000
38602321.66079712 3347249.10626221 12.28400040 5.000000
38602321.12179565 3347248.99127197 13.12600040 5.000000
38602316.01080322 3347247.73022461 11.25599957 5.000000
38602316.47479248 3347247.83526611 11.33899975 5.000000
38602318.68579102 3347248.33123779 10.99600029 5.000000
38602316.86880493 3347247.92926025 11.96700001 5.000000
38602316.92678833 3347247.94226074 12.03999996 5.000000
38602316.97778320 3347247.95526123 12.20800018 5.000000
38602319.73077393 3347248.56927490 11.42800045 5.000000
38602319.54779053 3347248.52923584 11.57400036 5.000000
38602317.92578125 3347248.17022705 12.42700005 5.000000
38602318.02679443 3347248.19323730 12.46300030 5.000000
38602319.57379150 3347248.53723145 11.88099957 5.000000
38602318.50479126 3347248.31024170 13.73799992 5.000000
38602318.35079956 3347248.27722168 13.96399975 5.000000
38602319.57479858 3347248.54626465 13.06499958 5.000000
38602318.52578735 3347248.31726074 14.03299999 5.000000
38602318.88677979 3347248.39825439 13.93099976 5.000000
38602319.58779907 3347248.55224609 13.49400043 5.000000
38602320.28079224 3347248.70422363 13.01299953 5.000000
38602320.14880371 3347248.67822266 13.49199963 5.000000
38602320.48379517 3347248.75122070 13.30799961 5.000000
38602320.87280273 3347248.83721924 13.11800003 5.000000
38602321.05178833 3347248.87622070 12.98400021 5.000000
38602321.42279053 3347248.95825195 12.83100033 5.000000
38602321.34680176 3347248.94226074 13.01599979 5.000000
38602316.55477905 3347247.76025391 11.32299995 5.000000
38602316.49679565 3347247.74725342 11.43099976 5.000000
38602315.98178101 3347247.63427734 11.76500034 5.000000
38602316.50180054 3347247.75323486 12.00300026 5.000000
38602316.68679810 3347247.79522705 12.13199997 5.000000
38602316.71780396 3347247.80426025 12.31499958 5.000000
38602319.00677490 3347248.31323242 11.49300003 5.000000
38602318.51480103 3347248.20526123 11.76500034 5.000000
38602319.67279053 3347248.46221924 11.34200001 5.000000
38602319.85278320 3347248.50427246 11.49499989 5.000000
38602319.73577881 3347248.47827148 11.61299992 5.000000
38602319.58380127 3347248.44525146 11.75399971 5.000000
38602319.72277832 3347248.47723389 11.87199974 5.000000
38602319.89678955 3347248.51623535 11.89999962 5.000000
38602319.70077515 3347248.47424316 12.15100002 5.000000
38602319.70779419 3347248.47625732 12.21599960 5.000000
38602318.30679321 3347248.17321777 13.90600014 5.000000
38602318.27380371 3347248.16723633 14.03800011 5.000000
38602318.63378906 3347248.24926758 14.16899967 5.000000
38602320.89678955 3347248.74322510 12.36400032 5.000000
38602319.74078369 3347248.49322510 13.55099964 5.000000
38602319.50677490 3347248.44323730 13.87699986 5.000000
38602320.50979614 3347248.66223145 13.04199982 5.000000
38602320.37680054 3347248.63525391 13.44499969 5.000000
38602320.71578979 3347248.70825195 13.15100002 5.000000
38602320.85577393 3347248.73925781 13.07400036 5.000000
38602321.72677612 3347248.92724609 12.11699963 5.000000
38602321.30578613 3347248.83825684 12.84700012 5.000000
38602321.48880005 3347248.87823486 12.76399994 5.000000
38602315.93078613 3347247.51922607 11.58100033 5.000000
38602315.95678711 3347247.52825928 11.98200035 5.000000
38602317.09777832 3347247.78625488 11.98900032 5.000000
38602316.83078003 3347247.72723389 12.18099976 5.000000
38602318.55279541 3347248.11126709 11.68200016 5.000000
38602317.66278076 3347247.91522217 12.21300030 5.000000
38602319.77578735 3347248.38623047 11.66300011 5.000000
38602319.07177734 3347248.23126221 12.09899998 5.000000
38602319.88677979 3347248.41223145 11.78899956 5.000000
38602319.79577637 3347248.39324951 11.97000027 5.000000
38602320.05978394 3347248.45227051 11.93700027 5.000000
38602320.04977417 3347248.45025635 12.00699997 5.000000
38602319.93679810 3347248.42626953 12.14599991 5.000000
38602319.31378174 3347248.29327393 13.04300022 5.000000
38602318.97579956 3347248.21923828 13.39400005 5.000000
38602319.73977661 3347248.38824463 12.95600033 5.000000
38602318.35778809 3347248.08721924 14.20199966 5.000000
38602320.15179443 3347248.47924805 12.84399986 5.000000
38602319.96978760 3347248.44024658 13.08699989 5.000000
38602318.76080322 3347248.17822266 14.28899956 5.000000
38602320.03680420 3347248.45727539 13.28100014 5.000000
38602319.54379272 3347248.35125732 13.85799980 5.000000
38602320.38580322 3347248.53424072 13.10499954 5.000000
38602320.59478760 3347248.57922363 12.97200012 5.000000
38602320.03179932 3347248.45922852 13.65100002 5.000000
38602319.34378052 3347248.31121826 14.49800014 5.000000
38602320.82778931 3347248.63323975 13.21100044 5.000000
38602321.35678101 3347248.75122070 13.13599968 5.000000
38602321.57379150 3347248.79821777 12.91199970 5.000000
38602322.11380005 3347248.91925049 13.09700012 5.000000
38602316.79779053 3347247.61322021 11.45300007 5.000000
38602318.98480225 3347248.10223389 10.92500019 5.000000
38602316.06579590 3347247.45123291 11.85200024 5.000000
38602317.27178955 3347247.72424316 12.02299976 5.000000
38602319.80877686 3347248.29022217 11.23999977 5.000000
38602319.74380493 3347248.27526855 11.32600021 5.000000
38602318.95678711 3347248.10125732 11.73400021 5.000000
38602318.93679810 3347248.09722900 11.81400013 5.000000
38602319.63580322 3347248.25323486 11.55599976 5.000000
38602319.91677856 3347248.31726074 11.72099972 5.000000
38602319.87179565 3347248.30822754 11.87100029 5.000000
38602320.04479980 3347248.34722900 11.89500046 5.000000
38602320.03579712 3347248.34625244 12.09300041 5.000000
38602318.24780273 3347247.95825195 13.76799965 5.000000
38602318.29177856 3347247.97125244 14.16100025 5.000000
38602318.37179565 3347247.98925781 14.20499992 5.000000
38602320.09579468 3347248.36523438 12.82999992 5.000000
38602319.98077393 3347248.34124756 13.01099968 5.000000
38602320.29479980 3347248.40924072 12.81000042 5.000000
38602318.94180298 3347248.11724854 14.24699974 5.000000
38602319.15878296 3347248.16522217 14.14900017 5.000000
38602320.44979858 3347248.44622803 13.05799961 5.000000
38602320.69879150 3347248.50122070 12.96100044 5.000000
38602321.53579712 3347248.68225098 12.19299984 5.000000
38602319.76577759 3347248.30224609 14.27400017 5.000000
38602320.46978760 3347248.45422363 13.56499958 5.000000
38602320.82577515 3347248.53222656 13.32299995 5.000000
38602321.69580078 3347248.71923828 12.32499981 5.000000
38602321.93679810 3347248.77227783 12.34099960 5.000000
38602322.30877686 3347248.86022949 13.04100037 5.000000
38602322.20077515 3347248.83923340 13.38799953 5.000000
38602322.29379272 3347248.86022949 13.41800022 5.000000
38602318.42578125 3347247.86627197 11.08800030 5.000000
38602319.14279175 3347248.02722168 10.94699955 5.000000
38602316.04379272 3347247.33624268 11.96700001 5.000000
38602318.32479858 3347247.84826660 11.63399982 5.000000
38602318.50378418 3347247.88824463 11.64099979 5.000000
38602319.75180054 3347248.16625977 11.27099991 5.000000
38602318.81878662 3347247.96124268 11.87699986 5.000000
38602317.87878418 3347247.75427246 12.39400005 5.000000
38602319.35778809 3347248.08123779 11.76200008 5.000000
38602317.22979736 3347247.61224365 12.89700031 5.000000
38602319.58477783 3347248.13323975 11.84599972 5.000000
38602319.63479614 3347248.14526367 11.88500023 5.000000
38602317.94079590 3347247.77227783 12.99800014 5.000000
38602318.02780151 3347247.79223633 13.04100037 5.000000
38602319.88778687 3347248.20324707 12.13399982 5.000000
38602318.88677979 3347247.98626709 13.03499985 5.000000
38602318.26779175 3347247.85424805 13.87100029 5.000000
38602319.87579346 3347248.20623779 12.87399960 5.000000
38602319.36477661 3347248.09625244 13.38500023 5.000000
38602320.19979858 3347248.27825928 12.75800037 5.000000
38602320.27279663 3347248.29522705 12.76900005 5.000000
38602319.56280518 3347248.14123535 13.48799992 5.000000
38602320.35278320 3347248.31323242 12.85099983 5.000000
38602320.42279053 3347248.33026123 12.94200039 5.000000
38602320.16180420 3347248.27423096 13.28100014 5.000000
38602320.36380005 3347248.31927490 13.25100040 5.000000
38602321.45977783 3347248.55627441 12.29899979 5.000000
38602320.75979614 3347248.40722656 13.16300011 5.000000
38602321.14678955 3347248.49023438 12.79599953 5.000000
38602320.26678467 3347248.30322266 13.92599964 5.000000
38602321.35079956 3347248.53521729 12.70400047 5.000000
38602321.19378662 3347248.50427246 13.14500046 5.000000
38602321.35577393 3347248.54125977 13.27999973 5.000000
38602322.17578125 3347248.72027588 12.76399994 5.000000
38602322.16979980 3347248.71923828 12.86499977 5.000000
38602322.21078491 3347248.72924805 12.87899971 5.000000
38602322.19879150 3347248.72827148 13.10099983 5.000000
38602322.28979492 3347248.74926758 13.23299980 5.000000
38602322.25979614 3347248.74426270 13.41699982 5.000000
38602319.06280518 3347247.90722656 10.91399956 5.000000
38602316.70779419 3347247.38122559 11.67399979 5.000000
38602315.99578857 3347247.22424316 12.09200001 5.000000
38602316.67578125 3347247.37725830 11.96899986 5.000000
38602318.52578735 3347247.79022217 11.49300003 5.000000
38602318.57577515 3347247.80224609 11.54800034 5.000000
38602318.96780396 3347247.89025879 11.46800041 5.000000
38602318.78680420 3347247.85021973 11.60999966 5.000000
38602316.89077759 3347247.43225098 12.76900005 5.000000
38602319.73577881 3347248.06323242 11.52600002 5.000000
38602317.11679077 3347247.48425293 12.86299992 5.000000
38602319.57879639 3347248.02923584 11.72799969 5.000000
38602319.67379761 3347248.05126953 11.74400043 5.000000
38602319.86779785 3347248.09423828 11.70499992 5.000000
38602318.20779419 3347247.72827148 12.67599964 5.000000
38602319.87179565 3347248.09625244 11.89200020 5.000000
38602317.94079590 3347247.67425537 13.39799976 5.000000
38602318.70578003 3347247.84326172 12.99400043 5.000000
38602319.80178833 3347248.08721924 12.71300030 5.000000
38602319.75878906 3347248.07824707 12.82400036 5.000000
38602320.12280273 3347248.15924072 12.68700027 5.000000
38602318.69580078 3347247.84924316 13.96399975 5.000000
38602318.77478027 3347247.86724854 14.00199986 5.000000
38602320.91580200 3347248.33422852 12.41399956 5.000000
38602319.89379883 3347248.11425781 13.47299957 5.000000
38602321.22979736 3347248.40423584 12.30399990 5.000000
38602319.81979370 3347248.10223389 13.93599987 5.000000
38602319.83279419 3347248.10626221 14.13199997 5.000000
38602319.80380249 3347248.10125732 14.27400017 5.000000
38602320.35278320 3347248.21923828 13.74499989 5.000000
38602321.22677612 3347248.40722656 12.80000019 5.000000
38602321.09878540 3347248.38122559 13.11800003 5.000000
38602321.30877686 3347248.42926025 13.19099998 5.000000
38602321.90478516 3347248.56024170 13.00199986 5.000000
38602321.89077759 3347248.56121826 13.53400040 5.000000
38602322.13378906 3347248.61322021 13.27200031 5.000000
38602322.31179810 3347248.65222168 13.11299992 5.000000
38602322.44479370 3347248.68322754 13.26500034 5.000000
38602315.95178223 3347247.11224365 11.80099964 5.000000
38602318.97579956 3347247.79022217 11.33800030 5.000000
38602319.35479736 3347247.87927246 11.78199959 5.000000
38602320.08779907 3347248.04425049 11.77799988 5.000000
38602320.13778687 3347248.05627441 11.87199974 5.000000
38602319.56979370 3347247.93225098 12.36299992 5.000000
38602319.60379028 3347247.94122314 12.41399956 5.000000
38602318.87377930 3347247.78222656 13.06999969 5.000000
38602318.49279785 3347247.70227051 13.72799969 5.000000
38602319.02679443 3347247.82226563 13.70100021 5.000000
38602320.05279541 3347248.04626465 12.91600037 5.000000
38602319.89077759 3347248.01226807 13.22500038 5.000000
38602321.08978271 3347248.27325439 12.26700020 5.000000
38602319.85678101 3347248.00927734 13.71599960 5.000000
38602320.17279053 3347248.07824707 13.48600006 5.000000
38602320.14578247 3347248.07421875 13.70400047 5.000000
38602321.32980347 3347248.33026123 12.69900036 5.000000
38602321.16879272 3347248.29626465 12.97200012 5.000000
38602321.66180420 3347248.40325928 12.50599957 5.000000
38602321.27279663 3347248.32122803 13.09000015 5.000000
38602321.25979614 3347248.32025146 13.28299999 5.000000
38602321.01779175 3347248.26922607 13.71800041 5.000000
38602321.01480103 3347248.27026367 13.82699966 5.000000
38602321.58078003 3347248.39025879 13.18400002 5.000000
38602321.59280396 3347248.39526367 13.35499954 5.000000
38602322.06680298 3347248.50122070 13.44499969 5.000000
38602322.15979004 3347248.52124023 13.36499977 5.000000
38602322.29577637 3347248.55126953 13.30000019 5.000000
38602316.10278320 3347247.05023193 11.76299953 5.000000
38602319.14678955 3347247.73223877 11.08899975 5.000000
38602316.66677856 3347247.18426514 12.47799969 5.000000
38602318.02978516 3347247.48822021 12.09500027 5.000000
38602318.01080322 3347247.48626709 12.27299976 5.000000
38602319.72378540 3347247.86627197 11.67300034 5.000000
38602319.80780029 3347247.88623047 11.75599957 5.000000
38602319.75979614 3347247.87622070 11.84599972 5.000000
38602319.39279175 3347247.79522705 12.11800003 5.000000
38602319.33877563 3347247.78424072 12.22099972 5.000000
38602318.89178467 3347247.68823242 12.72599983 5.000000
38602319.05178833 3347247.72424316 12.70699978 5.000000
38602319.22879028 3347247.76824951 13.17800045 5.000000
38602319.92779541 3347247.92224121 12.87600040 5.000000
38602320.93978882 3347248.14324951 12.22900009 5.000000
38602318.69479370 3347247.65924072 14.32100010 5.000000
38602318.81280518 3347247.68524170 14.32600021 5.000000
38602318.77279663 3347247.67724609 14.47799969 5.000000
38602319.01177979 3347247.73126221 14.47599983 5.000000
38602319.90777588 3347247.92523193 13.68200016 5.000000
38602320.08578491 3347247.96527100 13.69099998 5.000000
38602321.18179321 3347248.20227051 12.74100018 5.000000
38602321.09579468 3347248.18426514 12.91800022 5.000000
38602320.41079712 3347248.03924561 13.81700039 5.000000
38602321.58877563 3347248.29125977 12.47799969 5.000000
38602321.54379272 3347248.28222656 12.60499954 5.000000
38602321.13079834 3347248.19525146 13.21000004 5.000000
38602320.99978638 3347248.17022705 13.76799965 5.000000
38602321.00677490 3347248.17321777 13.86299992 5.000000
38602321.99380493 3347248.38122559 12.50500011 5.000000
38602321.72778320 3347248.32727051 13.07499981 5.000000
38602321.97277832 3347248.37927246 12.77299976 5.000000
38602322.26480103 3347248.44323730 12.69799995 5.000000
38602322.33978271 3347248.46423340 13.12800026 5.000000
38602322.48779297 3347248.49725342 13.12699986 5.000000
38602319.10678101 3347247.61724854 10.91699982 5.000000
38602318.96780396 3347247.58825684 11.08699989 5.000000
38602318.45278931 3347247.47326660 11.31900024 5.000000
38602317.67379761 3347247.30126953 11.73799992 5.000000
38602316.46679688 3347247.03625488 12.46300030 5.000000
38602318.83477783 3347247.56225586 11.61299992 5.000000
38602316.58279419 3347247.06427002 12.62300014 5.000000
38602316.67379761 3347247.08526611 12.68700027 5.000000
38602318.30978394 3347247.44824219 12.06299973 5.000000
38602316.95678711 3347247.14923096 12.76500034 5.000000
38602317.83078003 3347247.34527588 12.63399982 5.000000
38602319.39477539 3347247.69122314 11.91600037 5.000000
38602318.69677734 3347247.53826904 12.35799980 5.000000
38602318.66778564 3347247.53222656 12.45400047 5.000000
38602318.29577637 3347247.45324707 12.92599964 5.000000
38602318.24780273 3347247.44323730 13.04699993 5.000000
38602319.58178711 3347247.73626709 12.30500031 5.000000
38602319.21780396 3347247.65826416 12.69200039 5.000000
38602318.85577393 3347247.59027100 14.08399963 5.000000
38602318.72277832 3347247.56225586 14.31299973 5.000000
38602318.76577759 3347247.57421875 14.50199986 5.000000
38602319.02478027 3347247.63122559 14.36699963 5.000000
38602320.01779175 3347247.84527588 13.49600029 5.000000
38602319.41378784 3347247.71722412 14.20199966 5.000000
38602319.98178101 3347247.84027100 13.82100010 5.000000
38602320.02780151 3347247.85125732 13.87100029 5.000000
38602319.93878174 3347247.83325195 14.07299995 5.000000
38602320.31079102 3347247.91326904 13.75599957 5.000000
38602321.42977905 3347248.15423584 12.69499969 5.000000
38602321.19479370 3347248.10522461 13.06499958 5.000000
38602321.28579712 3347248.12524414 13.03299999 5.000000
38602321.89379883 3347248.25427246 12.31900024 5.000000
38602321.54080200 3347248.18023682 12.86200047 5.000000
38602321.24780273 3347248.12127686 13.53899956 5.000000
38602321.70779419 3347248.22125244 13.22599983 5.000000
38602322.03378296 3347248.29425049 13.25399971 5.000000
38602318.98178101 3347247.48327637 10.70100021 5.000000
38602319.03778076 3347247.49627686 10.75100040 5.000000
38602318.74679565 3347247.43426514 11.22999954 5.000000
38602318.03479004 3347247.27722168 11.61800003 5.000000
38602316.47879028 3347246.93426514 12.46599960 5.000000
38602317.92077637 3347247.25524902 11.98799992 5.000000
38602316.53680420 3347246.94921875 12.64999962 5.000000
38602317.79379272 3347247.22827148 12.21300030 5.000000
38602316.99877930 3347247.05523682 12.85499954 5.000000
38602317.04977417 3347247.06823730 12.93299961 5.000000
38602317.72079468 3347247.21722412 12.69799995 5.000000
38602319.06079102 3347247.51525879 12.40299988 5.000000
38602318.93078613 3347247.48822021 12.55900002 5.000000
38602318.05578613 3347247.29724121 13.17500019 5.000000
38602319.08679199 3347247.52325439 12.62600040 5.000000
38602320.44778442 3347247.82324219 11.95300007 5.000000
38602320.79278564 3347247.90222168 12.19400024 5.000000
38602318.55578613 3347247.41827393 14.14299965 5.000000
38602318.73077393 3347247.45727539 14.10200024 5.000000
38602319.42077637 3347247.60827637 13.69900036 5.000000
38602320.36279297 3347247.81225586 12.92599964 5.000000
38602319.16778564 3347247.55627441 14.13799953 5.000000
38602319.86279297 3347247.70623779 13.57199955 5.000000
38602320.42977905 3347247.82922363 13.10499954 5.000000
38602319.87179565 3347247.71026611 13.75599957 5.000000
38602320.12078857 3347247.76525879 13.69200039 5.000000
38602320.10879517 3347247.76422119 13.80399990 5.000000
38602321.34478760 3347248.03027344 12.67000008 5.000000
38602321.29177856 3347248.02026367 12.88599968 5.000000
38602320.85778809 3347247.92926025 13.51099968 5.000000
38602320.62579346 3347247.88122559 13.90400028 5.000000
38602321.16278076 3347247.99725342 13.49100018 5.000000
38602321.35678101 3347248.03826904 13.31499958 5.000000
38602321.44180298 3347248.05725098 13.28499985 5.000000
38602321.66879272 3347248.10522461 13.04199982 5.000000
38602321.64077759 3347248.10125732 13.26599979 5.000000
38602318.98880005 3347247.37225342 10.51500034 5.000000
38602318.51977539 3347247.27325439 11.30900002 5.000000
38602318.31280518 3347247.22924805 11.52700043 5.000000
38602316.78878784 3347246.89526367 12.55200005 5.000000
38602316.68179321 3347246.87322998 12.80300045 5.000000
38602317.68377686 3347247.09625244 12.53999996 5.000000
38602316.81079102 3347246.90625000 13.16399956 5.000000
38602318.26177979 3347247.22924805 12.78600025 5.000000
38602318.18478394 3347247.21325684 12.92099953 5.000000
38602319.02279663 3347247.39825439 12.51500034 5.000000
38602319.39379883 3347247.48022461 12.36999989 5.000000
38602317.57577515 3347247.08325195 13.58500004 5.000000
38602319.24679565 3347247.45025635 12.69699955 5.000000
38602319.49078369 3347247.50622559 12.77200031 5.000000
38602319.65579224 3347247.54223633 12.73299980 5.000000
38602319.72378540 3347247.55926514 12.84200001 5.000000
38602320.79278564 3347247.79223633 12.08399963 5.000000
38602319.89077759 3347247.59722900 12.95100021 5.000000
38602319.91778564 3347247.60424805 13.01099968 5.000000
38602318.76278687 3347247.35522461 14.09000015 5.000000
38602319.37979126 3347247.48925781 13.65499973 5.000000
38602318.83877563 3347247.37426758 14.24199963 5.000000
38602319.60379028 3347247.54223633 13.84200001 5.000000
38602319.82080078 3347247.59124756 13.92700005 5.000000
38602321.19378662 3347247.88623047 12.56999969 5.000000
38602319.97879028 3347247.62725830 13.96500015 5.000000
38602321.21978760 3347247.89324951 12.68599987 5.000000
38602321.31378174 3347247.91625977 12.88199997 5.000000
38602320.94180298 3347247.84027100 13.61999989 5.000000
38602321.63177490 3347247.98626709 12.78999996 5.000000
38602321.72378540 3347248.00622559 12.74199963 5.000000
38602321.20678711 3347247.89825439 13.55300045 5.000000
38602320.93078613 3347247.84222412 14.05300045 5.000000
38602321.18179321 3347247.89624023 13.90200043 5.000000
38602318.88177490 3347247.23522949 9.28899956 5.000000
38602318.90777588 3347247.24224854 9.47500038 5.000000
38602318.93579102 3347247.25122070 9.72000027 5.000000
38602318.95480347 3347247.25726318 9.90299988 5.000000
38602318.96179199 3347247.26025391 10.08699989 5.000000
38602318.98678589 3347247.26727295 10.26900005 5.000000
38602319.00778198 3347247.27325439 10.39000034 5.000000
38602319.01678467 3347247.27624512 10.44999981 5.000000
38602319.12777710 3347247.30725098 11.11900043 5.000000
38602318.33877563 3347247.13226318 11.44799995 5.000000
38602316.44277954 3347246.71124268 12.18599987 5.000000
38602317.53079224 3347246.95422363 11.89400005 5.000000
38602316.40777588 3347246.70623779 12.40299988 5.000000
38602316.60778809 3347246.75225830 12.53199959 5.000000
38602317.70480347 3347246.99725342 12.26599979 5.000000
38602316.78579712 3347246.79626465 12.86900043 5.000000
38602317.16979980 3347246.88525391 13.09599972 5.000000
38602318.12280273 3347247.09722900 12.78299999 5.000000
38602318.23077393 3347247.12225342 12.90499973 5.000000
38602319.51278687 3347247.40527344 12.30799961 5.000000
38602317.62680054 3347246.99322510 13.56400013 5.000000
38602317.71078491 3347247.01226807 13.61600018 5.000000
38602319.53579712 3347247.41223145 12.51799965 5.000000
38602319.90478516 3347247.49322510 12.34500027 5.000000
38602320.58078003 3347247.64123535 11.94799995 5.000000
38602320.63278198 3347247.65325928 11.97200012 5.000000
38602319.28778076 3347247.36126709 13.01399994 5.000000
38602319.10379028 3347247.32226563 13.23900032 5.000000
38602318.81878662 3347247.26525879 13.95199966 5.000000
38602318.81179810 3347247.26525879 14.06299973 5.000000
38602319.38378906 3347247.38922119 13.66600037 5.000000
38602320.08178711 3347247.54125977 13.13399982 5.000000
38602320.27380371 3347247.58422852 13.12399960 5.000000
38602319.96478271 3347247.51922607 13.60299969 5.000000
38602319.60879517 3347247.44427490 14.06000042 5.000000
38602321.42477417 3347247.83325195 12.27799988 5.000000
38602321.24780273 3347247.79724121 12.60200024 5.000000
38602320.36679077 3347247.61022949 13.65699959 5.000000
38602320.88479614 3347247.72222900 13.24899960 5.000000
38602320.30477905 3347247.60125732 14.13799953 5.000000
38602321.34579468 3347247.82324219 13.02600002 5.000000
38602320.89880371 3347247.73022461 13.69900036 5.000000
38602320.72778320 3347247.69622803 14.14099979 5.000000
38602320.80279541 3347247.71325684 14.14900017 5.000000
38602321.71377563 3347247.90423584 12.94499969 5.000000
38602321.68978882 3347247.90026855 13.06499958 5.000000
38602321.28680420 3347247.81726074 13.76900005 5.000000
38602321.70977783 3347247.90625000 13.21700001 5.000000
38602321.85479736 3347247.93823242 13.17199993 5.000000
38602318.93478394 3347247.14422607 9.10499954 5.000000
38602318.95480347 3347247.15026855 9.29100037 5.000000
38602318.95578003 3347247.15222168 9.47500038 5.000000
38602318.96377563 3347247.15722656 9.72000027 5.000000
38602318.96578979 3347247.15924072 9.90400028 5.000000
38602318.96679688 3347247.16125488 10.08899975 5.000000
38602318.98077393 3347247.16625977 10.27299976 5.000000
38602319.01678467 3347247.17523193 10.39200020 5.000000
38602319.07678223 3347247.19024658 10.50500011 5.000000
38602319.12579346 3347247.20227051 10.61800003 5.000000
38602318.34979248 3347247.03424072 11.37500000 5.000000
38602317.36279297 3347246.81726074 11.96100044 5.000000
38602318.45278931 3347247.06225586 11.79599953 5.000000
38602316.64779663 3347246.66326904 12.62500000 5.000000
38602316.54577637 3347246.64123535 12.77299976 5.000000
38602317.37377930 3347246.82623291 12.51099968 5.000000
38602319.12280273 3347247.21325684 11.80399990 5.000000
38602318.48577881 3347247.07525635 12.34099960 5.000000
38602317.40777588 3347246.83923340 13.08199978 5.000000
38602319.11578369 3347247.21624756 12.32499981 5.000000
38602319.25479126 3347247.24822998 12.32199955 5.000000
38602319.40478516 3347247.28222656 12.38500023 5.000000
38602319.39279175 3347247.28027344 12.46800041 5.000000
38602320.36679077 3347247.49426270 11.91899967 5.000000
38602320.52877808 3347247.53027344 11.93500042 5.000000
38602320.53680420 3347247.53326416 12.05300045 5.000000
38602319.05078125 3347247.21124268 13.19999981 5.000000
38602319.53179932 3347247.31726074 13.01500034 5.000000
38602320.72378540 3347247.57824707 12.29500008 5.000000
38602320.81378174 3347247.59826660 12.35200024 5.000000
38602320.86279297 3347247.61022949 12.37600040 5.000000
38602319.79080200 3347247.38122559 13.50399971 5.000000
38602321.09979248 3347247.66326904 12.35799980 5.000000
38602319.67779541 3347247.35827637 13.80399990 5.000000
38602320.37878418 3347247.50927734 13.20899963 5.000000
38602320.46078491 3347247.52923584 13.29899979 5.000000
38602320.79479980 3347247.60424805 13.28600025 5.000000
38602320.22778320 3347247.48425293 14.03699970 5.000000
38602320.18078613 3347247.47625732 14.20100021 5.000000
38602320.24877930 3347247.49127197 14.22900009 5.000000
38602320.55578613 3347247.55725098 13.95699978 5.000000
38602321.00979614 3347247.65527344 13.57600021 5.000000
38602322.09979248 3347247.88525391 12.27200031 5.000000
38602321.28179932 3347247.71527100 13.49600029 5.000000
38602321.95880127 3347247.86523438 13.31700039 5.000000
38602318.93978882 3347247.04821777 8.66600037 5.000000
38602318.97979736 3347247.05926514 8.92300034 5.000000
38602318.93478394 3347247.06524658 10.60000038 5.000000
38602319.15579224 3347247.11523438 10.67700005 5.000000
38602319.23178101 3347247.13323975 10.72099972 5.000000
38602315.95480347 3347246.40527344 11.94099998 5.000000
38602316.22778320 3347246.46923828 12.16899967 5.000000
38602319.26779175 3347247.14624023 11.21199989 5.000000
38602316.66479492 3347246.57421875 12.72900009 5.000000
38602316.70977783 3347246.58526611 12.81400013 5.000000
38602318.26177979 3347246.92926025 12.20699978 5.000000
38602318.73178101 3347247.03521729 12.22599983 5.000000
38602319.21780396 3347247.14324951 12.12800026 5.000000
38602319.14279175 3347247.12927246 12.31900024 5.000000
38602319.13079834 3347247.12725830 12.40400028 5.000000
38602318.06579590 3347246.89526367 13.21300030 5.000000
38602319.02279663 3347247.10723877 12.87899971 5.000000
38602319.39077759 3347247.18823242 12.71599960 5.000000
38602319.74679565 3347247.27227783 13.11299992 5.000000
38602319.29080200 3347247.17523193 13.58300018 5.000000
38602319.50180054 3347247.22222900 13.59300041 5.000000
38602319.50778198 3347247.22625732 13.78199959 5.000000
38602319.69378662 3347247.26727295 13.70600033 5.000000
38602321.10278320 3347247.57025146 12.43799973 5.000000
38602321.24179077 3347247.60125732 12.43599987 5.000000
38602320.69479370 3347247.48522949 13.07299995 5.000000
38602321.74279785 3347247.71026611 12.10099983 5.000000
38602320.76779175 3347247.50427246 13.33600044 5.000000
38602320.60278320 3347247.47027588 13.61900043 5.000000
38602321.69979858 3347247.70422363 12.47399998 5.000000
38602320.99679565 3347247.55822754 13.61499977 5.000000
38602321.33877563 3347247.63623047 13.74100018 5.000000
38602321.46478271 3347247.66424561 13.75899982 5.000000
38602321.90179443 3347247.75726318 13.24600029 5.000000
38602322.58078003 3347247.90625000 13.04699993 5.000000
38602318.97579956 3347246.95123291 8.47999954 5.000000
38602318.97979736 3347246.95422363 8.67099953 5.000000
38602318.94979858 3347246.94921875 8.91800022 5.000000
38602319.34078979 3347247.05725098 10.88199997 5.000000
38602319.46478271 3347247.08526611 10.90699959 5.000000
38602319.52478027 3347247.10021973 11.00899982 5.000000
38602319.00180054 3347246.98425293 11.24499989 5.000000
38602319.07177734 3347247.00024414 11.28800011 5.000000
38602317.35177612 3347246.62023926 12.06999969 5.000000
38602316.94879150 3347246.53222656 12.41800022 5.000000
38602318.09878540 3347246.78826904 12.03699970 5.000000
38602316.92578125 3347246.53027344 12.62699986 5.000000
38602319.11279297 3347247.01727295 12.04399967 5.000000
38602319.34777832 3347247.06927490 11.99699974 5.000000
38602318.05279541 3347246.78521729 12.75899982 5.000000
38602318.15478516 3347246.80926514 12.79599953 5.000000
38602318.05279541 3347246.78723145 12.94499969 5.000000
38602320.09680176 3347247.23724365 11.85599995 5.000000
38602320.33078003 3347247.28924561 11.84200001 5.000000
38602319.38580322 3347247.09027100 13.15499973 5.000000
38602319.32479858 3347247.07727051 13.29199982 5.000000
38602320.53778076 3347247.34124756 12.40799999 5.000000
38602319.26977539 3347247.06927490 13.61800003 5.000000
38602319.94879150 3347247.21624756 13.12899971 5.000000
38602319.96179199 3347247.22027588 13.20300007 5.000000
38602319.53979492 3347247.13024902 13.67300034 5.000000
38602319.71078491 3347247.16925049 13.70899963 5.000000
38602319.68978882 3347247.16522217 13.82800007 5.000000
38602320.10879517 3347247.25622559 13.51299953 5.000000
38602321.22677612 3347247.49627686 12.47099972 5.000000
38602321.50579834 3347247.55725098 12.31299973 5.000000
38602321.30178833 3347247.51422119 12.60099983 5.000000
38602321.95977783 3347247.65527344 11.99800014 5.000000
38602320.39379883 3347247.32525635 13.98999977 5.000000
38602320.36880493 3347247.32122803 14.12699986 5.000000
38602321.80978394 3347247.62622070 12.42899990 5.000000
38602320.61679077 3347247.37622070 14.03199959 5.000000
38602321.16479492 3347247.49224854 13.41899967 5.000000
38602320.74978638 3347247.40625000 14.07199955 5.000000
38602321.73779297 3347247.61425781 12.82100010 5.000000
38602321.17678833 3347247.49725342 13.69600010 5.000000
38602320.98779297 3347247.45922852 14.07199955 5.000000
38602321.53579712 3347247.57421875 13.37300014 5.000000
38602321.77380371 3347247.62823486 13.39099979 5.000000
38602318.96279907 3347246.87127686 11.06299973 5.000000
38602318.47079468 3347246.76324463 11.28199959 5.000000
38602319.65078735 3347247.02722168 11.09399986 5.000000
38602319.02478027 3347246.89025879 11.51900005 5.000000
38602316.71279907 3347246.37927246 12.52200031 5.000000
38602316.62078857 3347246.36022949 12.66300011 5.000000
38602319.06777954 3347246.90423584 11.92899990 5.000000
38602318.98077393 3347246.88623047 12.04599953 5.000000
38602317.88778687 3347246.64624023 12.67099953 5.000000
38602317.70178223 3347246.60626221 12.85999966 5.000000
38602317.16778564 3347246.49023438 13.24199963 5.000000
38602318.59078979 3347246.80322266 12.56799984 5.000000
38602320.21078491 3347247.16021729 11.74100018 5.000000
38602317.96679688 3347246.67126465 13.29800034 5.000000
38602320.32678223 3347247.18725586 11.91800022 5.000000
38602320.13879395 3347247.14923096 12.30599976 5.000000
38602318.96578979 3347246.89624023 13.30300045 5.000000
38602319.18078613 3347246.94323730 13.23700047 5.000000
38602319.40280151 3347246.99224854 13.15799999 5.000000
38602320.09078979 3347247.14324951 12.78299999 5.000000
38602319.95779419 3347247.11523438 12.97200012 5.000000
38602319.97079468 3347247.11926270 13.04399967 5.000000
38602319.74877930 3347247.07525635 13.59500027 5.000000
38602320.12979126 3347247.16021729 13.51200008 5.000000
38602321.85980225 3347247.53222656 12.01399994 5.000000
38602320.11679077 3347247.16223145 14.01700020 5.000000
38602320.75479126 3347247.29925537 13.39500046 5.000000
38602320.45678711 3347247.23822021 13.93700027 5.000000
38602321.67178345 3347247.49523926 12.55300045 5.000000
38602321.63879395 3347247.48925781 12.66699982 5.000000
38602320.73379517 3347247.30023193 13.90499973 5.000000
38602321.63479614 3347247.49023438 12.82600021 5.000000
38602321.38177490 3347247.43927002 13.33800030 5.000000
38602321.38479614 3347247.44024658 13.42800045 5.000000
38602321.23077393 3347247.40924072 13.74699974 5.000000
38602321.51080322 3347247.47027588 13.53600025 5.000000
38602321.69277954 3347247.51025391 13.45300007 5.000000
38602321.99978638 3347247.57525635 13.14400005 5.000000
38602321.97180176 3347247.57025146 13.28899956 5.000000
38602322.42279053 3347247.66925049 13.15100002 5.000000
38602319.42379761 3347246.87426758 11.05399990 5.000000
38602316.19479370 3347246.15826416 12.30700016 5.000000
38602319.71179199 3347246.94024658 11.19699955 5.000000
38602319.73779297 3347246.94622803 11.24699974 5.000000
38602319.07379150 3347246.80126953 11.71700001 5.000000
38602319.96578979 3347247.00122070 11.57199955 5.000000
38602320.07177734 3347247.02526855 11.64200020 5.000000
38602318.11380005 3347246.59722900 12.83899975 5.000000
38602319.01879883 3347246.79724121 12.50199986 5.000000
38602318.75277710 3347246.74023438 12.74199963 5.000000
38602318.31979370 3347246.64624023 13.09300041 5.000000
38602318.22479248 3347246.62725830 13.24699974 5.000000
38602320.18179321 3347247.05426025 12.08500004 5.000000
38602320.34579468 3347247.09222412 12.17399979 5.000000
38602318.90377808 3347246.78027344 13.26799965 5.000000
38602319.88677979 3347246.99725342 12.96100044 5.000000
38602319.73577881 3347246.96624756 13.16800022 5.000000
38602320.12777710 3347247.05322266 13.08899975 5.000000
38602320.13778687 3347247.05725098 13.25100040 5.000000
38602320.26577759 3347247.08624268 13.30500031 5.000000
38602320.32177734 3347247.10021973 13.42700005 5.000000
38602320.49380493 3347247.13824463 13.33899975 5.000000
38602320.86578369 3347247.22027588 13.19999981 5.000000
38602321.46179199 3347247.34722900 12.60700035 5.000000
38602321.61477661 3347247.37927246 12.50199986 5.000000
38602320.59378052 3347247.16522217 13.79300022 5.000000
38602321.11779785 3347247.27624512 13.25300026 5.000000
38602322.06478882 3347247.47723389 12.21800041 5.000000
38602321.62579346 3347247.38824463 13.11200047 5.000000
38602321.37377930 3347247.33721924 13.56499958 5.000000
38602322.00277710 3347247.47924805 13.69600010 5.000000
38602322.28680420 3347247.53924561 13.35900021 5.000000
38602322.54080200 3347247.59222412 13.04199982 5.000000
38602316.24478149 3347246.05523682 11.98200035 5.000000
38602316.18878174 3347246.04425049 12.10400009 5.000000
38602316.40377808 3347246.09423828 12.23999977 5.000000
38602317.78277588 3347246.40222168 11.84300041 5.000000
38602317.58978271 3347246.36022949 12.00199986 5.000000
38602317.35577393 3347246.31024170 12.27600002 5.000000
38602319.84078979 3347246.86126709 11.39400005 5.000000
38602319.90078735 3347246.87524414 11.48999977 5.000000
38602317.98880005 3347246.45623779 12.54699993 5.000000
38602317.75778198 3347246.40625000 12.75399971 5.000000
38602318.87478638 3347246.65222168 12.27099991 5.000000
38602318.85379028 3347246.65124512 12.52499962 5.000000
38602318.86477661 3347246.65527344 12.68599987 5.000000
38602318.78079224 3347246.63824463 12.90999985 5.000000
38602320.27380371 3347246.96624756 12.10400009 5.000000
38602318.68280029 3347246.62023926 13.24699974 5.000000
38602320.52078247 3347247.02325439 12.26099968 5.000000
38602320.55380249 3347247.03222656 12.43999958 5.000000
38602319.90878296 3347246.89526367 13.12500000 5.000000
38602320.04379272 3347246.92523193 13.09500027 5.000000
38602320.25180054 3347246.97125244 13.07800007 5.000000
38602320.38677979 3347247.00225830 13.11999989 5.000000
38602320.27380371 3347246.97924805 13.31499958 5.000000
38602320.43179321 3347247.01623535 13.42300034 5.000000
38602321.82177734 3347247.31225586 12.09500027 5.000000
38602321.29379272 3347247.20123291 12.74400043 5.000000
38602320.67779541 3347247.07226563 13.52400017 5.000000
38602321.01977539 3347247.14624023 13.30599976 5.000000
38602320.84777832 3347247.11126709 13.60700035 5.000000
38602321.39379883 3347247.23126221 13.37100029 5.000000
38602321.43579102 3347247.24127197 13.40600014 5.000000
38602322.22079468 3347247.41326904 13.10799980 5.000000
38602322.16079712 3347247.40222168 13.32100010 5.000000
38602316.33679199 3347245.97326660 11.85700035 5.000000
38602318.95779419 3347246.55822754 11.21500015 5.000000
38602316.33078003 3347245.97521973 12.16699982 5.000000
38602316.55477905 3347246.03027344 12.50100040 5.000000
38602316.64880371 3347246.05224609 12.56799984 5.000000
38602319.20178223 3347246.62127686 11.89000034 5.000000
38602319.83978271 3347246.76226807 11.65100002 5.000000
38602320.03579712 3347246.80627441 11.67899990 5.000000
38602317.97079468 3347246.35424805 12.84099960 5.000000
38602318.47378540 3347246.46527100 12.66100025 5.000000
38602318.88778687 3347246.55725098 12.51599979 5.000000
38602318.92178345 3347246.56622314 12.66199970 5.000000
38602318.58078003 3347246.49426270 13.04599953 5.000000
38602319.17077637 3347246.62322998 12.75899982 5.000000
38602319.07980347 3347246.60424805 12.90299988 5.000000
38602318.73379517 3347246.53027344 13.22399998 5.000000
38602319.47677612 3347246.69323730 12.80200005 5.000000
38602318.93280029 3347246.57727051 13.36600018 5.000000
38602320.02877808 3347246.81823730 12.95699978 5.000000
38602320.37078857 3347246.89526367 12.90600014 5.000000
38602320.46478271 3347246.91625977 12.90200043 5.000000
38602319.79278564 3347246.77526855 13.79800034 5.000000
38602319.91677856 3347246.80322266 13.77600002 5.000000
38602320.37979126 3347246.90222168 13.40499973 5.000000
38602320.59078979 3347246.94824219 13.27700043 5.000000
38602320.66278076 3347246.96826172 13.56000042 5.000000
38602320.89477539 3347247.01922607 13.47599983 5.000000
38602321.07278442 3347247.05822754 13.44400024 5.000000
38602321.34579468 3347247.11822510 13.27600002 5.000000
38602321.83978271 3347247.22424316 12.94299984 5.000000
38602322.11077881 3347247.28222656 12.70400047 5.000000
38602322.25277710 3347247.31323242 12.64299965 5.000000
38602321.76080322 3347247.21325684 13.53199959 5.000000
38602321.71478271 3347247.20526123 13.71599960 5.000000
38602321.80178833 3347247.22424316 13.67700005 5.000000
38602322.05078125 3347247.27923584 13.56000042 5.000000
38602322.51177979 3347247.37225342 12.78299999 5.000000
38602322.65478516 3347247.40527344 12.87399960 5.000000
38602319.13879395 3347246.49822998 11.09599972 5.000000
38602318.10678101 3347246.27124023 11.65699959 5.000000
38602316.58078003 3347245.93426514 12.29100037 5.000000
38602316.49179077 3347245.91723633 12.53199959 5.000000
38602317.88980103 3347246.22723389 12.07400036 5.000000
38602316.83978271 3347245.99725342 12.60000038 5.000000
38602316.88980103 3347246.00927734 12.68099976 5.000000
38602318.15078735 3347246.28826904 12.22299957 5.000000
38602319.87777710 3347246.66925049 11.51599979 5.000000
38602317.45678711 3347246.13726807 12.72500038 5.000000
38602319.28778076 3347246.54223633 12.00199986 5.000000
38602317.71679688 3347246.19824219 12.88799953 5.000000
38602318.44677734 3347246.36022949 12.68500042 5.000000
38602320.17678833 3347246.74023438 11.79899979 5.000000
38602318.21078491 3347246.31225586 13.09500027 5.000000
38602318.19677734 3347246.31024170 13.19900036 5.000000
38602318.52877808 3347246.38427734 13.08899975 5.000000
38602320.09280396 3347246.72625732 12.24600029 5.000000
38602320.13980103 3347246.74426270 12.88000011 5.000000
38602319.91979980 3347246.69921875 13.23200035 5.000000
38602320.35980225 3347246.79425049 12.93099976 5.000000
38602320.44979858 3347246.81622314 13.09300041 5.000000
38602319.86578369 3347246.69525146 13.94499969 5.000000
38602320.72479248 3347246.88024902 13.23999977 5.000000
38602320.83679199 3347246.90527344 13.29300022 5.000000
38602320.94580078 3347246.93322754 13.52900028 5.000000
38602321.08877563 3347246.96423340 13.44499969 5.000000
38602321.03079224 3347246.95324707 13.61400032 5.000000
38602321.48977661 3347247.05224609 13.28600025 5.000000
38602321.61178589 3347247.07824707 13.20600033 5.000000
38602321.58877563 3347247.07623291 13.42599964 5.000000
38602321.92178345 3347247.14526367 13.01799965 5.000000
38602321.76577759 3347247.11822510 13.65900040 5.000000
38602322.37777710 3347247.24523926 12.88500023 5.000000
38602322.32479858 3347247.23724365 13.17800045 5.000000
38602322.45379639 3347247.26525879 13.12800026 5.000000
38602316.31579590 3347245.77825928 12.07999992 5.000000
38602318.88980103 3347246.35021973 11.31900024 5.000000
38602318.62179565 3347246.29223633 11.48400021 5.000000
38602318.49279785 3347246.26422119 11.60499954 5.000000
38602318.21978760 3347246.20623779 11.94900036 5.000000
38602318.06979370 3347246.17425537 12.09500027 5.000000
38602317.95278931 3347246.14923096 12.23099995 5.000000
38602318.06979370 3347246.17626953 12.26799965 5.000000
38602319.91278076 3347246.58422852 11.57100010 5.000000
38602317.68780518 3347246.09527588 12.72000027 5.000000
38602317.59579468 3347246.07623291 12.86200047 5.000000
38602319.87078857 3347246.57727051 11.78299999 5.000000
38602319.90878296 3347246.58624268 11.89400005 5.000000
38602318.07278442 3347246.18725586 13.09099960 5.000000
38602320.33779907 3347246.68322754 11.90299988 5.000000
38602318.59378052 3347246.30627441 13.24800014 5.000000
38602318.91180420 3347246.38323975 13.69999981 5.000000
38602320.82577515 3347246.79724121 12.32900047 5.000000
38602319.82678223 3347246.58325195 13.23900032 5.000000
38602320.82479858 3347246.79925537 12.46599960 5.000000
38602320.94378662 3347246.82623291 12.50000000 5.000000
38602321.01577759 3347246.84222412 12.50399971 5.000000
38602319.61779785 3347246.54425049 13.89900017 5.000000
38602319.81680298 3347246.58923340 13.90999985 5.000000
38602320.31179810 3347246.69525146 13.51000023 5.000000
38602320.57778931 3347246.75323486 13.32600021 5.000000
38602320.79977417 3347246.80126953 13.18000031 5.000000
38602321.00180054 3347246.84924316 13.39000034 5.000000
38602321.27380371 3347246.90722656 13.14900017 5.000000
38602321.86779785 3347247.03222656 12.48999977 5.000000
38602321.95077515 3347247.05426025 12.75199986 5.000000
38602321.38980103 3347246.93927002 13.64500046 5.000000
38602322.15579224 3347247.09826660 12.60999966 5.000000
38602322.32778931 3347247.13623047 12.57699966 5.000000
38602322.37979126 3347247.14923096 12.73499966 5.000000
38602321.98379517 3347247.07226563 13.63500023 5.000000
38602322.11779785 3347247.10125732 13.60999966 5.000000
38602322.57980347 3347247.19525146 12.81000042 5.000000
38602317.79080200 3347246.00024414 11.27700043 5.000000
38602319.06680298 3347246.28625488 11.13000011 5.000000
38602318.78680420 3347246.22625732 11.36100006 5.000000
38602318.86380005 3347246.24426270 11.40600014 5.000000
38602318.26577759 3347246.11322021 11.77499962 5.000000
38602318.41677856 3347246.14727783 11.79699993 5.000000
38602318.40777588 3347246.14624023 11.88099957 5.000000
38602317.79379272 3347246.01123047 12.21800041 5.000000
38602317.92880249 3347246.04522705 12.51900005 5.000000
38602317.66079712 3347245.98822021 12.74199963 5.000000
38602317.42977905 3347245.93823242 12.95499992 5.000000
38602317.44979858 3347245.94427490 13.04599953 5.000000
38602319.46679688 3347246.38726807 12.07299995 5.000000
38602318.34979248 3347246.14422607 12.84899998 5.000000
38602318.86578369 3347246.25823975 12.64299965 5.000000
38602318.01678467 3347246.07421875 13.23299980 5.000000
38602319.34979248 3347246.36627197 12.51799965 5.000000
38602318.24679565 3347246.12622070 13.28999996 5.000000
38602320.51977539 3347246.62322998 11.98799992 5.000000
38602320.57080078 3347246.63525391 12.01700020 5.000000
38602320.62777710 3347246.64825439 12.04100037 5.000000
38602318.55178833 3347246.20123291 13.78600025 5.000000
38602320.68679810 3347246.66424561 12.32100010 5.000000
38602319.99380493 3347246.51623535 12.94699955 5.000000
38602319.05279541 3347246.31427002 13.80399990 5.000000
38602320.08178711 3347246.53723145 13.12300014 5.000000
38602320.09777832 3347246.54327393 13.28199959 5.000000
38602320.42477417 3347246.61425781 13.06799984 5.000000
38602320.70779419 3347246.67626953 12.96199989 5.000000
38602320.74279785 3347246.68621826 13.17399979 5.000000
38602320.89178467 3347246.72125244 13.27099991 5.000000
38602321.14477539 3347246.77624512 13.15400028 5.000000
38602321.17779541 3347246.78521729 13.28800011 5.000000
38602321.77078247 3347246.91125488 12.70899963 5.000000
38602321.47378540 3347246.85021973 13.17700005 5.000000
38602321.85577393 3347246.93127441 12.75199986 5.000000
38602321.67578125 3347246.89526367 13.16699982 5.000000
38602321.52380371 3347246.86822510 13.67800045 5.000000
38602321.87579346 3347246.94226074 13.32999992 5.000000
38602321.77078247 3347246.92224121 13.60099983 5.000000
38602321.83477783 3347246.93621826 13.60099983 5.000000
38602322.17779541 3347247.00726318 13.11600018 5.000000
38602322.11477661 3347246.99627686 13.32499981 5.000000
38602322.51177979 3347247.07727051 12.70400047 5.000000
38602322.47677612 3347247.07421875 13.15400028 5.000000
38602317.78378296 3347245.89727783 11.36600018 5.000000
38602316.64678955 3347245.64526367 11.78800011 5.000000
38602319.09478760 3347246.19024658 11.12800026 5.000000
38602316.84979248 3347245.69226074 11.92000008 5.000000
38602317.22378540 3347245.77624512 11.89200020 5.000000
38602319.16180420 3347246.20727539 11.30799961 5.000000
38602318.36477661 3347246.03326416 11.82499981 5.000000
38602317.92077637 3347245.93621826 12.08500004 5.000000
38602317.94277954 3347245.94427490 12.34099960 5.000000
38602317.82980347 3347245.92126465 12.57499981 5.000000
38602320.02877808 3347246.40625000 11.59500027 5.000000
38602319.64077759 3347246.32727051 12.42700005 5.000000
38602319.58078003 3347246.31524658 12.54100037 5.000000
38602320.55380249 3347246.52825928 11.97799969 5.000000
38602320.62680054 3347246.54626465 12.18200016 5.000000
38602320.62280273 3347246.54626465 12.25100040 5.000000
38602321.07577515 3347246.64526367 12.03100014 5.000000
38602320.95678711 3347246.62023926 12.18700027 5.000000
38602319.81979370 3347246.37622070 13.18799973 5.000000
38602320.48880005 3347246.52722168 13.27799988 5.000000
38602320.35079956 3347246.49926758 13.50699997 5.000000
38602320.60577393 3347246.55426025 13.33500004 5.000000
38602321.15377808 3347246.67126465 12.84200001 5.000000
38602320.56878662 3347246.54821777 13.55700016 5.000000
38602320.69479370 3347246.57623291 13.51099968 5.000000
38602320.91580200 3347246.62524414 13.44299984 5.000000
38602322.04977417 3347246.86425781 12.18000031 5.000000
38602321.22677612 3347246.69226074 13.25100040 5.000000
38602322.11279297 3347246.87927246 12.22900009 5.000000
38602322.21679688 3347246.90124512 12.15999985 5.000000
38602321.45880127 3347246.74426270 13.22099972 5.000000
38602322.10079956 3347246.87927246 12.44600010 5.000000
38602322.31680298 3347246.92523193 12.28699970 5.000000
38602321.77279663 3347246.81427002 13.23400021 5.000000
38602321.90280151 3347246.84222412 13.12899971 5.000000
38602322.01480103 3347246.86627197 13.04699993 5.000000
38602322.30078125 3347246.92626953 12.76099968 5.000000
38602321.96878052 3347246.86126709 13.51000023 5.000000
38602322.50778198 3347246.97125244 12.65900040 5.000000
38602317.99978638 3347245.83526611 11.31099987 5.000000
38602317.16079712 3347245.65026855 11.73299980 5.000000
38602318.89477539 3347246.03723145 11.33699989 5.000000
38602319.16677856 3347246.09826660 11.31400013 5.000000
38602318.30679321 3347245.90826416 11.69400024 5.000000
38602318.72778320 3347246.00323486 11.61600018 5.000000
38602318.98577881 3347246.06024170 11.59099960 5.000000
38602318.01977539 3347245.84924316 12.14000034 5.000000
38602318.94879150 3347246.05523682 11.82699966 5.000000
38602318.06579590 3347245.86126709 12.29500008 5.000000
38602319.56378174 3347246.19824219 12.26099968 5.000000
38602318.27279663 3347245.91827393 13.19900036 5.000000
38602318.73178101 3347246.02026367 13.10099983 5.000000
38602318.33978271 3347245.93621826 13.45199966 5.000000
38602320.68579102 3347246.44726563 11.96500015 5.000000
38602319.19979858 3347246.12524414 13.05900002 5.000000
38602318.52679443 3347245.98126221 13.72900009 5.000000
38602321.13278198 3347246.54821777 12.00199986 5.000000
38602320.62478638 3347246.44024658 12.54100037 5.000000
38602321.06079102 3347246.53424072 12.24600029 5.000000
38602319.90478516 3347246.28723145 13.30900002 5.000000
38602320.07879639 3347246.32623291 13.33300018 5.000000
38602320.48577881 3347246.41424561 13.04699993 5.000000
38602321.14178467 3347246.55926514 12.87500000 5.000000
38602321.07778931 3347246.54724121 13.10599995 5.000000
38602321.34878540 3347246.60626221 12.88000011 5.000000
38602321.26678467 3347246.58923340 13.05599976 5.000000
38602321.31680298 3347246.60125732 13.07999992 5.000000
38602322.14477539 3347246.77722168 12.27900028 5.000000
38602321.63278198 3347246.67224121 13.10299969 5.000000
38602322.26080322 3347246.80523682 12.46300030 5.000000
38602321.73577881 3347246.69726563 13.31799984 5.000000
38602322.17077637 3347246.78826904 12.75100040 5.000000
38602322.29479980 3347246.81622314 12.80300045 5.000000
38602322.56378174 3347246.87225342 12.43599987 5.000000
38602322.47778320 3347246.85827637 12.92599964 5.000000
38602322.63278198 3347246.89025879 12.72399998 5.000000
38602322.77978516 3347246.92626953 13.00699997 5.000000
38602318.48077393 3347245.83923340 11.03100014 5.000000
38602318.73577881 3347245.89825439 11.25100040 5.000000
38602319.09280396 3347245.97924805 11.20800018 5.000000
38602319.23077393 3347246.01025391 11.22999954 5.000000
38602318.15078735 3347245.77124023 11.67399979 5.000000
38602318.60278320 3347245.87225342 11.59300041 5.000000
38602318.57879639 3347245.86822510 11.67899990 5.000000
38602318.50277710 3347245.85327148 11.86499977 5.000000
38602317.97979736 3347245.73822021 12.16399956 5.000000
38602317.80679321 3347245.70123291 12.32699966 5.000000
38602318.02380371 3347245.75024414 12.32100010 5.000000
38602318.01879883 3347245.74926758 12.41300011 5.000000
38602317.75378418 3347245.69323730 12.72399998 5.000000
38602320.06378174 3347246.20227051 11.65900040 5.000000
38602318.42477417 3347245.84924316 13.11699963 5.000000
38602319.71679688 3347246.13226318 12.40299988 5.000000
38602319.82080078 3347246.15625000 12.48700047 5.000000
38602320.92178345 3347246.39825439 11.93400002 5.000000
38602319.16278076 3347246.01727295 13.27799988 5.000000
38602321.31878662 3347246.48724365 11.98499966 5.000000
38602320.71179199 3347246.35827637 12.62800026 5.000000
38602321.34680176 3347246.49627686 12.26599979 5.000000
38602320.26379395 3347246.26623535 13.44699955 5.000000
38602320.52078247 3347246.32421875 13.46199989 5.000000
38602320.76080322 3347246.37622070 13.29899979 5.000000
38602321.22778320 3347246.47625732 12.87899971 5.000000
38602321.51879883 3347246.54022217 12.78299999 5.000000
38602321.56478882 3347246.55126953 12.80500031 5.000000
38602321.29678345 3347246.49523926 13.21100044 5.000000
38602321.65179443 3347246.57226563 12.93400002 5.000000
38602321.69778442 3347246.58325195 13.03999996 5.000000
38602321.79080200 3347246.60327148 12.99699974 5.000000
38602322.33078003 3347246.71722412 12.31900024 5.000000
38602322.34878540 3347246.72326660 12.50800037 5.000000
38602322.15478516 3347246.68322754 12.88599968 5.000000
38602322.21078491 3347246.69622803 12.88300037 5.000000
38602322.53680420 3347246.76525879 12.59099960 5.000000
38602322.62777710 3347246.78521729 12.51099968 5.000000
38602317.89178467 3347245.60827637 11.18799973 5.000000
38602318.00277710 3347245.63623047 11.48299980 5.000000
38602318.88278198 3347245.83526611 11.49800014 5.000000
38602317.36279297 3347245.49926758 12.14299965 5.000000
38602318.86679077 3347245.83325195 11.65100002 5.000000
38602317.72979736 3347245.58721924 12.64900017 5.000000
38602319.97079468 3347246.08227539 11.64999962 5.000000
38602320.05279541 3347246.10021973 11.67300034 5.000000
38602319.55578613 3347245.99523926 12.28600025 5.000000
38602320.33477783 3347246.16625977 11.89799976 5.000000
38602318.21578979 3347245.70526123 13.35499954 5.000000
38602318.58380127 3347245.78625488 13.21899986 5.000000
38602320.66079712 3347246.24023438 11.94400024 5.000000
38602320.07879639 3347246.11523438 12.47299957 5.000000
38602319.97879028 3347246.09625244 12.85400009 5.000000
38602319.66479492 3347246.03027344 13.27099991 5.000000
38602319.92578125 3347246.08923340 13.23299980 5.000000
38602321.49078369 3347246.42626953 11.97099972 5.000000
38602320.96978760 3347246.31622314 12.55900002 5.000000
38602321.04278564 3347246.33227539 12.56400013 5.000000
38602320.86779785 3347246.29626465 12.87899971 5.000000
38602320.80679321 3347246.28424072 13.01799965 5.000000
38602320.64477539 3347246.25323486 13.44200039 5.000000
38602321.56680298 3347246.45526123 13.06599998 5.000000
38602321.88378906 3347246.52325439 12.81299973 5.000000
38602322.09378052 3347246.56823730 12.60400009 5.000000
38602322.44879150 3347246.64422607 12.31099987 5.000000
38602322.34078979 3347246.62426758 12.70199966 5.000000
38602322.51577759 3347246.66424561 12.74199963 5.000000
38602322.55780029 3347246.67425537 12.84399986 5.000000
38602317.77978516 3347245.48925781 11.22200012 5.000000
38602318.67379761 3347245.68927002 11.06299973 5.000000
38602318.02279663 3347245.54425049 11.32100010 5.000000
38602318.74179077 3347245.70623779 11.26099968 5.000000
38602319.21679688 3347245.81225586 11.18099976 5.000000
38602318.36978149 3347245.62524414 11.53199959 5.000000
38602318.26379395 3347245.60223389 11.64900017 5.000000
38602317.60079956 3347245.45922852 12.24400043 5.000000
38602317.59878540 3347245.46026611 12.33800030 5.000000
38602320.37280273 3347246.07727051 11.64000034 5.000000
38602318.48880005 3347245.66723633 12.91399956 5.000000
38602319.87878418 3347245.97222900 12.18000031 5.000000
38602319.91079712 3347245.98022461 12.30399990 5.000000
38602319.54879761 3347245.90222168 12.60999966 5.000000
38602318.32980347 3347245.63726807 13.49499989 5.000000
38602320.77978516 3347246.17224121 11.93799973 5.000000
38602318.60278320 3347245.69921875 13.51099968 5.000000
38602318.57379150 3347245.69427490 13.63199997 5.000000
38602320.98480225 3347246.21923828 12.03499985 5.000000
38602321.33078003 3347246.29522705 11.94499969 5.000000
38602321.07678223 3347246.24127197 12.21300030 5.000000
38602320.60980225 3347246.14123535 12.67199993 5.000000
38602320.14077759 3347246.04223633 13.23799992 5.000000
38602320.03579712 3347246.02124023 13.51299953 5.000000
38602321.06979370 3347246.24426270 12.62699986 5.000000
38602320.36380005 3347246.09326172 13.38500023 5.000000
38602320.26779175 3347246.07421875 13.57100010 5.000000
38602320.60879517 3347246.14825439 13.31900024 5.000000
38602320.38980103 3347246.10223389 13.63599968 5.000000
38602320.67077637 3347246.16326904 13.43400002 5.000000
38602321.09478760 3347246.25427246 13.06400013 5.000000
38602321.26678467 3347246.29125977 12.95400047 5.000000
38602321.24478149 3347246.28723145 13.06099987 5.000000
38602321.88177490 3347246.42626953 12.68400002 5.000000
38602321.22180176 3347246.29022217 13.72799969 5.000000
38602322.18078613 3347246.49127197 12.58100033 5.000000
38602322.25479126 3347246.50823975 12.54899979 5.000000
38602322.18679810 3347246.49627686 12.89000034 5.000000
38602322.36978149 3347246.53521729 12.68500042 5.000000
38602322.46780396 3347246.55627441 12.60599995 5.000000
38602322.38278198 3347246.54022217 12.91899967 5.000000
38602322.41378784 3347246.54724121 12.95499992 5.000000
38602318.30078125 3347245.49926758 10.86499977 5.000000
38602317.92880249 3347245.41723633 11.02700043 5.000000
38602318.72378540 3347245.59625244 10.98400021 5.000000
38602318.59979248 3347245.57122803 11.31099987 5.000000
38602319.12878418 3347245.68927002 11.21599960 5.000000
38602318.46478271 3347245.54327393 11.50800037 5.000000
38602318.40179443 3347245.52923584 11.60799980 5.000000
38602318.67178345 3347245.59027100 11.58899975 5.000000
38602318.85879517 3347245.63226318 11.59500027 5.000000
38602320.50979614 3347246.00427246 11.57699966 5.000000
38602318.65878296 3347245.60327148 13.10200024 5.000000
38602318.63879395 3347245.60021973 13.20800018 5.000000
38602319.62377930 3347245.81622314 12.65299988 5.000000
38602318.89178467 3347245.65826416 13.32400036 5.000000
38602318.85778809 3347245.65222168 13.44400024 5.000000
38602320.25479126 3347245.95825195 12.67199993 5.000000
38602319.58679199 3347245.81427002 13.27200031 5.000000
38602321.41180420 3347246.20922852 11.89599991 5.000000
38602319.87680054 3347245.88122559 13.39599991 5.000000
38602319.97079468 3347245.90222168 13.40499973 5.000000
38602320.14880371 3347245.94122314 13.33600044 5.000000
38602321.37377930 3347246.20526123 12.29199982 5.000000
38602320.19677734 3347245.95324707 13.47299957 5.000000
38602321.29879761 3347246.19122314 12.63700008 5.000000
38602322.09078979 3347246.36126709 11.88599968 5.000000
38602321.68679810 3347246.27923584 12.72399998 5.000000
38602321.80679321 3347246.30523682 12.65299988 5.000000
38602321.59280396 3347246.26123047 12.99699974 5.000000
38602321.80578613 3347246.30725098 12.80599976 5.000000
38602322.13980103 3347246.38226318 12.90799999 5.000000
38602322.42178345 3347246.44726563 13.06799984 5.000000
38602319.06280518 3347245.56524658 10.70100021 5.000000
38602318.98480225 3347245.55023193 10.92099953 5.000000
38602318.79080200 3347245.50927734 11.18599987 5.000000
38602318.69879150 3347245.48925781 11.28699970 5.000000
38602318.33380127 3347245.40826416 11.47900009 5.000000
38602319.12979126 3347245.58624268 11.29100037 5.000000
38602318.94378662 3347245.54626465 11.49800014 5.000000
38602319.01177979 3347245.56225586 11.54500008 5.000000
38602319.45880127 3347245.67224121 12.45300007 5.000000
38602318.77178955 3347245.52227783 12.95199966 5.000000
38602318.73480225 3347245.51623535 13.15900040 5.000000
38602318.72778320 3347245.51727295 13.35400009 5.000000
38602320.30978394 3347245.86224365 12.35200024 5.000000
38602320.55679321 3347245.91625977 12.24800014 5.000000
38602320.16778564 3347245.83227539 12.60000038 5.000000
38602319.45278931 3347245.67822266 13.21000004 5.000000
38602321.32980347 3347246.08624268 11.86200047 5.000000
38602319.74780273 3347245.74523926 13.25000000 5.000000
38602321.52780151 3347246.13122559 12.04599953 5.000000
38602320.49978638 3347245.91223145 13.11900043 5.000000
38602321.23977661 3347246.07122803 12.50199986 5.000000
38602321.42178345 3347246.11126709 12.39500046 5.000000
38602320.65679932 3347245.94824219 13.22299957 5.000000
38602321.49578857 3347246.12823486 12.45600033 5.000000
38602320.56579590 3347245.93127441 13.49300003 5.000000
38602321.07678223 3347246.04022217 13.04100037 5.000000
38602322.04177856 3347246.24725342 12.13199997 5.000000
38602321.67779541 3347246.17022705 12.60999966 5.000000
38602321.66879272 3347246.17126465 12.84599972 5.000000
38602321.64978027 3347246.16925049 13.11600018 5.000000
38602322.12878418 3347246.27026367 12.55700016 5.000000
38602322.22879028 3347246.29223633 12.49400043 5.000000
38602322.16778564 3347246.28027344 12.65299988 5.000000
38602321.95379639 3347246.23626709 13.04100037 5.000000
38602322.01278687 3347246.24926758 13.04199982 5.000000
38602322.35278320 3347246.32122803 12.61299992 5.000000
38602322.29678345 3347246.31225586 12.94900036 5.000000
38602322.41180420 3347246.33721924 12.93500042 5.000000
38602322.43280029 3347246.34326172 13.08300018 5.000000
38602318.32177734 3347245.28222656 10.49499989 5.000000
38602318.16580200 3347245.24822998 10.59599972 5.000000
38602318.10980225 3347245.23626709 10.68299961 5.000000
38602318.54278564 3347245.33422852 10.74800014 5.000000
38602318.57379150 3347245.34326172 10.96000004 5.000000
38602319.07577515 3347245.45727539 10.97099972 5.000000
38602319.11380005 3347245.46722412 11.09700012 5.000000
38602318.53479004 3347245.34027100 11.49800014 5.000000
38602320.12078857 3347245.69921875 11.67800045 5.000000
38602318.68579102 3347245.38922119 12.92599964 5.000000
38602318.92477417 3347245.44323730 12.96000004 5.000000
38602318.89880371 3347245.43823242 13.06700039 5.000000
38602320.13479614 3347245.70922852 12.34200001 5.000000
38602319.91979980 3347245.66326904 12.56099987 5.000000
38602319.13879395 3347245.49523926 13.27299976 5.000000
38602319.31179810 3347245.53326416 13.23999977 5.000000
38602319.43679810 3347245.56121826 13.23799992 5.000000
38602319.64379883 3347245.60723877 13.17099953 5.000000
38602321.45480347 3347246.00122070 11.89299965 5.000000
38602319.90679932 3347245.66723633 13.22500038 5.000000
38602321.68377686 3347246.05126953 11.86999989 5.000000
38602320.60278320 3347245.82025146 12.88099957 5.000000
38602321.21878052 3347245.95324707 12.40400028 5.000000
38602321.68078613 3347246.05322266 12.10299969 5.000000
38602321.40579224 3347245.99523926 12.49899960 5.000000
38602320.87478638 3347245.88323975 13.10799980 5.000000
38602321.06378174 3347245.92425537 12.99600029 5.000000
38602321.33779907 3347245.98626709 13.02099991 5.000000
38602321.55578613 3347246.03326416 12.92800045 5.000000
38602321.56680298 3347246.03723145 13.07800007 5.000000
38602321.94277954 3347246.11724854 12.68000031 5.000000
38602322.44378662 3347246.22924805 12.65900040 5.000000
38602318.58779907 3347245.23925781 10.52700043 5.000000
38602317.93377686 3347245.09423828 10.79899979 5.000000
38602318.86380005 3347245.30523682 10.89299965 5.000000
38602318.50878906 3347245.22625732 11.05500031 5.000000
38602318.91580200 3347245.33721924 12.88799953 5.000000
38602319.15878296 3347245.39422607 13.08800030 5.000000
38602320.22378540 3347245.62622070 12.43900013 5.000000
38602319.16580200 3347245.39727783 13.26599979 5.000000
38602319.62878418 3347245.50225830 13.28600025 5.000000
38602320.73678589 3347245.74224854 12.48600006 5.000000
38602319.81579590 3347245.54425049 13.31599998 5.000000
38602320.48480225 3347245.68927002 12.84200001 5.000000
38602320.38677979 3347245.66925049 13.00500011 5.000000
38602320.71279907 3347245.74322510 13.12100029 5.000000
38602320.91479492 3347245.78723145 13.00399971 5.000000
38602321.08978271 3347245.82727051 13.06900024 5.000000
38602321.36578369 3347245.88824463 12.92899990 5.000000
38602321.49380493 3347245.91522217 12.86400032 5.000000
38602320.88677979 3347245.78826904 13.65200043 5.000000
38602321.98077393 3347246.02026367 12.44099998 5.000000
38602322.07379150 3347246.04022217 12.39599991 5.000000
38602322.15280151 3347246.05822754 12.43400002 5.000000
38602321.78680420 3347245.98223877 12.98600006 5.000000
38602321.51977539 3347245.92724609 13.43000031 5.000000
38602322.13079834 3347246.05627441 12.68200016 5.000000
38602322.31680298 3347246.09722900 12.64599991 5.000000
38602319.10379028 3347245.25726318 10.70499992 5.000000
38602319.11978149 3347245.26422119 10.96899986 5.000000
38602319.09680176 3347245.26025391 11.11200047 5.000000
38602318.94479370 3347245.24627686 13.06099987 5.000000
38602320.25277710 3347245.53326416 12.35900021 5.000000
38602320.18978882 3347245.52227783 12.62500000 5.000000
38602319.26177979 3347245.32122803 13.39599991 5.000000
38602319.41677856 3347245.35723877 13.46599960 5.000000
38602320.45278931 3347245.58325195 12.88399982 5.000000
38602321.88879395 3347245.89422607 11.77600002 5.000000
38602320.72479248 3347245.64422607 12.88300037 5.000000
38602321.85778809 3347245.88922119 11.96899986 5.000000
38602320.96478271 3347245.69824219 12.89400005 5.000000
38602321.19778442 3347245.75024414 12.89400005 5.000000
38602321.63580322 3347245.84527588 12.50599957 5.000000
38602321.86679077 3347245.89624023 12.45800018 5.000000
38602322.36779785 3347246.00323486 11.94099998 5.000000
38602322.46679688 3347246.02624512 12.05399990 5.000000
38602322.08078003 3347245.94726563 12.77499962 5.000000
38602322.29177856 3347245.99322510 12.70899963 5.000000
38602322.49279785 3347246.03723145 12.55799961 5.000000
38602322.47579956 3347246.03521729 12.74499989 5.000000
38602322.47879028 3347246.03625488 12.82699966 5.000000
38602318.89379883 3347245.11523438 10.55000019 5.000000
38602318.93579102 3347245.12524414 10.60999966 5.000000
38602318.64880371 3347245.06121826 10.73799992 5.000000
38602319.05178833 3347245.15222168 10.72099972 5.000000
38602319.10079956 3347245.16522217 10.91199970 5.000000
38602319.06378174 3347245.15826416 11.05900002 5.000000
38602319.21978760 3347245.20825195 12.55799961 5.000000
38602319.12878418 3347245.19122314 12.86600018 5.000000
38602321.21179199 3347245.64727783 11.72099972 5.000000
38602321.43179321 3347245.69622803 11.67599964 5.000000
38602319.41180420 3347245.25823975 13.20600033 5.000000
38602319.90579224 3347245.36627197 12.92700005 5.000000
38602320.04577637 3347245.39923096 12.98600006 5.000000
38602320.23379517 3347245.44024658 12.91800022 5.000000
38602320.70779419 3347245.54626465 12.83500004 5.000000
38602320.58779907 3347245.52026367 13.02299976 5.000000
38602321.82177734 3347245.78723145 12.07699966 5.000000
38602321.47677612 3347245.71423340 12.48099995 5.000000
38602321.25180054 3347245.66723633 12.77900028 5.000000
38602322.11279297 3347245.85125732 11.95899963 5.000000
38602321.33178711 3347245.68524170 12.84799957 5.000000
38602321.17880249 3347245.65423584 13.09399986 5.000000
38602321.96978760 3347245.82324219 12.35999966 5.000000
38602322.29080200 3347245.89227295 12.05099964 5.000000
38602322.50677490 3347245.93927002 11.96500015 5.000000
38602321.77380371 3347245.78521729 12.96599960 5.000000
38602322.49478149 3347245.93725586 12.09899998 5.000000
38602322.47180176 3347245.93426514 12.25800037 5.000000
38602322.41378784 3347245.92321777 12.47900009 5.000000
38602322.44677734 3347245.93225098 12.65699959 5.000000
38602322.47479248 3347245.94122314 12.86100006 5.000000
38602318.73278809 3347244.97827148 10.72500038 5.000000
38602318.88879395 3347245.01525879 10.90100002 5.000000
38602318.94778442 3347245.03027344 11.02700043 5.000000
38602319.08279419 3347245.07324219 12.31799984 5.000000
38602321.17578125 3347245.53723145 11.64700031 5.000000
38602321.25677490 3347245.55523682 11.64799976 5.000000
38602319.29278564 3347245.12823486 13.03499985 5.000000
38602321.51678467 3347245.61322021 11.57800007 5.000000
38602320.28277588 3347245.34722900 12.73600006 5.000000
38602321.48678589 3347245.60925293 11.86800003 5.000000
38602320.72180176 3347245.44525146 12.68700027 5.000000
38602321.93978882 3347245.70922852 11.81599998 5.000000
38602321.11178589 3347245.53326416 12.71000004 5.000000
38602321.00677490 3347245.51123047 12.88799953 5.000000
38602321.30877686 3347245.57727051 12.73999977 5.000000
38602321.28680420 3347245.57324219 12.83899975 5.000000
38602322.35980225 3347245.80426025 11.93500042 5.000000
38602322.32177734 3347245.80224609 12.56499958 5.000000
38602322.30078125 3347245.79925537 12.74899960 5.000000
38602322.32080078 3347245.80523682 12.88399982 5.000000
38602318.68078613 3347244.86523438 10.88599968 5.000000
38602318.85379028 3347244.90527344 10.98700047 5.000000
38602318.90078735 3347244.91625977 11.04599953 5.000000
38602320.32177734 3347245.23925781 11.44299984 5.000000
38602319.15777588 3347244.98522949 12.21100044 5.000000
38602320.79479980 3347245.34722900 11.60999966 5.000000
38602320.85479736 3347245.36126709 11.63300037 5.000000
38602321.05380249 3347245.40527344 11.57199955 5.000000
38602319.19277954 3347244.99926758 12.76500034 5.000000
38602319.29577637 3347245.02227783 12.78600025 5.000000
38602320.03479004 3347245.18524170 12.47000027 5.000000
38602321.49078369 3347245.50225830 11.55799961 5.000000
38602320.08877563 3347245.20025635 12.73999977 5.000000
38602319.65377808 3347245.10626221 13.14500046 5.000000
38602320.43179321 3347245.27526855 12.63700008 5.000000
38602321.72879028 3347245.55725098 11.69400024 5.000000
38602320.32678223 3347245.25524902 12.95600033 5.000000
38602320.46780396 3347245.28625488 12.91899967 5.000000
38602320.83578491 3347245.36627197 12.68200016 5.000000
38602320.62478638 3347245.32226563 12.94299984 5.000000
38602321.98880005 3347245.61627197 11.78899956 5.000000
38602322.07177734 3347245.63525391 11.87199974 5.000000
38602322.14578247 3347245.65325928 12.02200031 5.000000
38602321.69778442 3347245.55822754 12.56900024 5.000000
38602322.30877686 3347245.68823242 11.95800018 5.000000
38602322.46179199 3347245.72222900 11.89500046 5.000000
38602322.65979004 3347245.76727295 12.05099964 5.000000
38602322.11178589 3347245.65423584 12.97299957 5.000000
38602322.23779297 3347245.68127441 12.87100029 5.000000
38602320.04977417 3347245.06726074 11.39000034 5.000000
38602319.13079834 3347244.86523438 11.92500019 5.000000
38602319.08578491 3347244.85723877 12.10000038 5.000000
38602319.25778198 3347244.89624023 12.17199993 5.000000
38602321.03878784 3347245.29125977 11.59300041 5.000000
38602321.04379272 3347245.29327393 11.64500046 5.000000
38602319.90679932 3347245.04522705 12.41600037 5.000000
38602320.14880371 3347245.09826660 12.33600044 5.000000
38602320.34280396 3347245.14526367 12.64500046 5.000000
38602321.85379028 3347245.47424316 11.71300030 5.000000
38602320.53579712 3347245.19122314 12.95899963 5.000000
38602321.92578125 3347245.49127197 11.81099987 5.000000
38602320.58078003 3347245.20324707 13.08300018 5.000000
38602321.38079834 3347245.37524414 12.42500019 5.000000
38602322.09579468 3347245.53027344 11.92300034 5.000000
38602322.23779297 3347245.56121826 11.83500004 5.000000
38602322.35177612 3347245.58624268 11.77099991 5.000000
38602322.41278076 3347245.59924316 11.75800037 5.000000
38602322.48379517 3347245.61822510 12.06599998 5.000000
38602321.98678589 3347245.51525879 12.84500027 5.000000
38602321.90979004 3347245.49926758 13.02999973 5.000000
38602322.30877686 3347245.58624268 12.79699993 5.000000
38602322.31878662 3347245.58923340 12.86299992 5.000000
38602319.85980225 3347244.92126465 11.41300011 5.000000
38602320.51480103 3347245.06726074 11.20400047 5.000000
38602320.41677856 3347245.04724121 11.47799969 5.000000
38602319.49478149 3347244.84527588 11.98799992 5.000000
38602319.19979858 3347244.78125000 12.21100044 5.000000
38602319.23977661 3347244.79022217 12.27000046 5.000000
38602319.30477905 3347244.80523682 12.31400013 5.000000
38602320.60577393 3347245.09527588 11.98900032 5.000000
38602319.93780518 3347244.95025635 12.48400021 5.000000
38602320.02178955 3347244.96923828 12.50500011 5.000000
38602321.47277832 3347245.28625488 11.64999962 5.000000
38602320.36077881 3347245.04522705 12.49600029 5.000000
38602319.96978760 3347244.96325684 13.10799980 5.000000
38602320.02578735 3347244.97723389 13.23700047 5.000000
38602321.47180176 3347245.29626465 12.70699978 5.000000
38602322.11077881 3347245.43225098 12.10099983 5.000000
38602322.25778198 3347245.46527100 12.05799961 5.000000
38602322.18078613 3347245.45025635 12.27000046 5.000000
38602322.27578735 3347245.47125244 12.28499985 5.000000
38602321.86077881 3347245.38427734 12.87300014 5.000000
38602322.14279175 3347245.44525146 12.66399956 5.000000
38602322.10278320 3347245.43927002 12.95600033 5.000000
38602322.15478516 3347245.45227051 13.05300045 5.000000
38602319.94778442 3347244.84326172 11.38500023 5.000000
38602319.12377930 3347244.66223145 11.86900043 5.000000
38602319.36679077 3347244.71722412 11.83699989 5.000000
38602320.32379150 3347244.92822266 11.46899986 5.000000
38602320.44879150 3347244.95727539 11.52999973 5.000000
38602319.34280396 3347244.71423340 12.14799976 5.000000
38602320.74078369 3347245.02227783 11.49899960 5.000000
38602320.95178223 3347245.06927490 11.44400024 5.000000
38602321.28277588 3347245.14422607 11.52200031 5.000000
38602321.17379761 3347245.12127686 11.64299965 5.000000
38602321.41778564 3347245.17724609 11.86800003 5.000000
38602320.06378174 3347244.88525391 12.96399975 5.000000
38602321.78878784 3347245.25927734 11.69099998 5.000000
38602321.89578247 3347245.28326416 11.70899963 5.000000
38602322.05380249 3347245.31823730 11.72900009 5.000000
38602321.96878052 3347245.30126953 11.91300011 5.000000
38602322.07879639 3347245.32623291 11.92099953 5.000000
38602321.86178589 3347245.28326416 12.52099991 5.000000
38602321.84680176 3347245.28125000 12.60799980 5.000000
38602322.09378052 3347245.33624268 12.67599964 5.000000
38602319.91479492 3347244.73822021 11.09200001 5.000000
38602320.50479126 3347244.87225342 11.16699982 5.000000
38602320.55380249 3347244.88323975 11.20199966 5.000000
38602320.68679810 3347244.91326904 11.19999981 5.000000
38602320.91979980 3347244.96722412 11.41499996 5.000000
38602321.05477905 3347244.99725342 11.39799976 5.000000
38602321.12777710 3347245.01422119 11.46399975 5.000000
38602319.84078979 3347244.73327637 12.26399994 5.000000
38602321.25677490 3347245.04522705 11.65600014 5.000000
38602321.56579590 3347245.11224365 11.50699997 5.000000
38602321.45379639 3347245.08923340 11.68700027 5.000000
38602321.65979004 3347245.13427734 11.59399986 5.000000
38602319.97879028 3347244.77026367 12.87500000 5.000000
38602320.08078003 3347244.79327393 12.88099957 5.000000
38602320.10479736 3347244.80023193 13.02799988 5.000000
38602320.34878540 3347244.85626221 13.16699982 5.000000
38602320.42379761 3347244.87322998 13.18700027 5.000000
38602321.09078979 3347245.01727295 12.67000008 5.000000
38602321.04080200 3347245.00823975 12.86699963 5.000000
38602322.30877686 3347245.28125000 11.87100029 5.000000
38602320.44277954 3347244.75427246 11.08600044 5.000000
38602319.97778320 3347244.65222168 11.32299995 5.000000
38602319.79577637 3347244.61523438 11.72799969 5.000000
38602320.62377930 3347244.79821777 11.40299988 5.000000
38602320.00878906 3347244.66326904 11.82900047 5.000000
38602320.73880005 3347244.82421875 11.51799965 5.000000
38602321.05078125 3347244.89422607 11.46300030 5.000000
38602320.93478394 3347244.87023926 11.69699955 5.000000
38602321.02178955 3347244.89025879 11.70199966 5.000000
38602320.85778809 3347244.85522461 11.92399979 5.000000
38602320.79080200 3347244.84124756 12.03100014 5.000000
38602321.46578979 3347244.98925781 11.68999958 5.000000
38602321.74679565 3347245.05224609 11.69799995 5.000000
38602321.82980347 3347245.07025146 11.68599987 5.000000
38602320.28179932 3347244.73724365 13.06799984 5.000000
38602320.41580200 3347244.76727295 13.12399960 5.000000
38602321.19479370 3347244.93725586 12.66300011 5.000000
38602322.25479126 3347245.16522217 11.73099995 5.000000
38602320.27578735 3347244.61523438 11.03899956 5.000000
38602320.14880371 3347244.58825684 11.14299965 5.000000
38602320.68978882 3347244.70825195 11.05200005 5.000000
38602320.29177856 3347244.62127686 11.26599979 5.000000
38602319.86578369 3347244.53027344 11.77099991 5.000000
38602319.94180298 3347244.54724121 11.80300045 5.000000
38602320.05477905 3347244.57324219 11.81400013 5.000000
38602320.24279785 3347244.61523438 11.78400040 5.000000
38602320.96578979 3347244.77722168 11.80599976 5.000000
38602320.16879272 3347244.60522461 12.52799988 5.000000
38602321.68780518 3347244.93725586 11.65100002 5.000000
38602320.12979126 3347244.48022461 11.27700043 5.000000
38602320.34979248 3347244.52923584 11.25000000 5.000000
38602320.84179688 3347244.64025879 11.37100029 5.000000
38602320.92678833 3347244.66021729 11.55000019 5.000000
38602320.94479370 3347244.66625977 11.71199989 5.000000
38602319.92578125 3347244.44427490 12.47000027 5.000000
38602320.02178955 3347244.46624756 12.48499966 5.000000
38602320.13479614 3347244.36822510 10.98299980 5.000000
38602320.08279419 3347244.35827637 11.24100018 5.000000
38602320.34777832 3347244.41723633 11.19999981 5.000000
38602320.51977539 3347244.45727539 11.30300045 5.000000
38602320.74578857 3347244.50726318 11.26000023 5.000000
38602320.82778931 3347244.52624512 11.27799988 5.000000
38602320.49877930 3347244.45422363 11.48799992 5.000000
38602320.88479614 3347244.54125977 11.52600002 5.000000
38602320.84378052 3347244.53326416 11.72399998 5.000000
38602320.56280518 3347244.47222900 11.95100021 5.000000
38602320.69079590 3347244.50122070 11.93799973 5.000000
38602320.81579590 3347244.53027344 12.05000019 5.000000
38602320.32379150 3347244.31024170 11.15699959 5.000000
38602320.47277832 3347244.34423828 11.27299976 5.000000
38602320.67379761 3347244.39025879 11.35700035 5.000000
38602320.57479858 3347244.36926270 11.46100044 5.000000
38602320.72677612 3347244.40222168 11.44600010 5.000000
38602320.65979004 3347244.39227295 11.96800041 5.000000
38602320.84979248 3347244.43524170 11.97599983 5.000000
